0,0
33,21
31,18
32,28
1,0
1,3
30,20
26,36
31,42
30,25
0,2
1,1
1,0
45,32
2,1
0,3
27,28
29,30
37,27
0,0
33,30
1,0
3,1
1,0
29,31
2,3
0,0
0,2
24,16
23,35
1,0
0,0
28,28
21,40
1,1
35,1
0,1
0,1
19,23
30,31
34,26
37,28
31,33
0,0
1,2
1,1
35,33
37,28
38,32
41,28
0,1
26,32
22,35
0,0
0,1
0,1
3,0
33,37
2,3
2,1
1,0
25,28
1,1
1,1
0,0
30,27
23,1
27,19
1,0
29,39
36,35
3,0
0,0
1,1
0,0
35,20
36,27
0,1
0,1
2,4
28,31
0,4
1,0
1,0
29,28
2,0
27,28
1,2
41,29
38,31
45,38
0,1
0,0
34,24
0,2
4,1
0,1
18,28
1,1
0,1
0,1
30,32
3,0
2,1
3,1
0,1
2,0
0,0
32,28
31,32
2,1
0,1
1,2
26,28
1,0
23,37
2,1
35,29
2,0
1,0
1,2
0,1
26,35
30,26
0,0
28,36
1,3
36,35
0,1
22,32
2,0
25,27
39,34
39,37
0,1
32,21
1,1
28,27
40,26
0,0
2,1
24,32
23,28
24,29
0,3
35,27
2,1
20,37
41,26
0,1
31,26
33,26
0,0
33,42
30,24
25,27
0,1
2,1
32,41
1,1
0,1
33,36
32,31
33,32
31,18
31,41
31,32
0,1
0,0
0,1
2,0
0,3
1,1
35,30
36,23
0,0
0,0
1,1
22,29
21,30
19,29
1,0
34,30
34,26
0,3
3,1
1,1
3,0
1,1
2,2
0,0
1,0
2,1
1,1
30,28
2,0
35,36
29,35
36,31
26,22
0,1
0,0
26,27
31,33
32,40
31,33
34,31
30,41
33,25
34,30
0,2
0,1
1,0
33,27
42,33
1,0
1,0
1,0
0,0
33,24
35,34
41,32
39,22
1,2
0,3
1,2
2,32
2,1
29,31
25,28
24,2
33,28
0,1
0,0
38,23
0,0
31,21
35,40
0,0
0,13
39,28
34,29
1,0
2,2
1,2
2,3
1,0
0,1
36,30
0,3
0,1
1,1
31,28
32,19
31,28
25,38
1,3
1,2
38,37
0,1
29,29
2,0
31,33
2,1
0,1
0,3
36,20
4,1
35,30
3,0
2,2
2,1
30,25
30,29
0,1
32,32
23,22
1,1
36,31
25,24
2,2
26,16
1,1
2,1
0,1
31,23
28,28
1,3
39,31
21,21
36,37
1,1
32,34
35,35
39,31
35,36
0,0
0,0
34,26
1,3
0,0
33,28
37,36
2,0
34,32
46,27
3,1
35,37
1,0
31,28
1,0
36,24
26,25
34,31
1,1
30,36
0,1
0,0
1,2
1,0
2,0
0,0
1,2
37,30
33,36
0,0
1,0
29,32
18,31
2,1
31,26
33,32
31,29
0,2
0,0
36,24
0,2
1,1
30,29
26,40
41,32
18,38
32,23
3,1
29,20
39,27
41,20
42,38
1,2
0,1
1,0
28,19
39,37
41,42
0,1
32,30
31,38
35,34
25,17
25,29
28,36
1,2
1,0
28,40
33,27
24,33
28,33
0,2
1,0
25,27
0,0
2,2
0,0
35,23
31,32
1,1
34,20
1,0
29,25
38,21
31,33
26,38
0,0
2,4
17,32
1,0
2,0
28,25
0,1
38,41
34,26
0,1
28,28
34,28
28,41
0,1
0,5
29,30
2,1
2,1
1,0
31,35
29,31
35,31
43,27
24,33
1,1
31,25
2,0
30,37
0,1
2,2
1,0
33,36
1,1
31,29
1,0
2,0
0,0
2,2
24,31
0,1
1,1
20,28
1,0
29,28
1,1
2,1
35,36
0,2
27,43
38,30
4,1
1,0
0,1
26,37
41,32
28,37
33,28
33,44
1,1
2,0
2,1
0,1
0,0
29,31
0,1
25,34
24,30
43,38
0,0
2,0
1,0
1,0
30,23
2,1
1,2
0,1
32,31
1,1
34,29
1,1
0,0
16,26
32,34
28,29
30,22
1,0
32,27
0,1
32,29
28,23
2,2
1,1
36,35
0,2
38,33
0,0
1,1
4,0
33,26
24,32
0,0
21,18
36,29
1,0
30,29
32,30
3,1
0,0
3,0
34,24
37,26
35,26
1,1
36,32
27,31
16,40
32,30
0,1
0,1
37,33
34,27
0,1
2,1
35,39
1,0
29,30
22,34
0,0
42,28
30,33
35,37
37,28
1,1
34,40
2,1
0,1
24,25
2,1
29,28
38,37
38,30
31,35
46,24
0,0
1,0
0,0
0,1
1,0
0,1
2,2
30,33
1,0
27,39
0,1
28,30
28,26
0,0
36,34
1,1
0,1
35,21
30,32
36,22
1,1
1,2
3,1
1,0
28,30
1,0
46,25
1,0
1,0
23,27
29,38
42,32
0,0
1,0
42,31
0,0
35,28
30,33
1,1
26,13
35,36
1,1
4,1
1,0
3,1
2,0
25,24
30,30
31,33
1,0
25,30
2,1
43,29
5,24
27,32
29,31
1,0
0,1
30,36
32,26
1,0
20,19
31,30
0,2
28,34
30,31
32,32
1,1
0,1
27,30
26,30
28,21
0,2
39,36
2,1
23,20
43,30
0,1
30,34
33,36
2,1
21,30
0,3
32,24
25,28
2,0
29,20
1,1
2,0
1,0
39,31
32,28
28,31
23,22
45,44
32,39
0,1
17,27
0,0
1,0
33,30
37,25
39,31
25,29
21,27
25,22
24,26
1,3
0,1
1,0
30,22
34,37
4,1
0,0
38,34
2,1
39,30
31,31
0,0
1,2
40,26
29,30
35,37
2,0
22,31
31,34
2,0
0,2
32,25
33,33
28,27
0,3
1,3
2,1
32,26
40,20
1,0
34,29
25,30
1,0
26,27
22,29
1,0
25,24
24,28
34,27
33,37
0,1
37,22
1,3
27,28
0,2
32,32
2,0
19,24
32,24
31,36
1,0
33,36
29,37
28,28
31,19
31,29
27,2
18,18
1,0
1,1
1,0
1,0
4,0
0,0
34,35
28,36
34,36
1,0
30,31
1,1
1,1
27,30
3,2
1,2
0,0
28,27
35,22
53,3
25,32
0,0
26,28
2,1
35,25
0,0
0,2
40,26
0,1
0,2
3,1
26,22
24,27
42,29
1,0
40,37
30,22
1,2
37,25
2,2
21,31
28,24
3,1
1,0
0,0
33,26
0,1
35,23
25,34
1,1
32,30
1,1
0,0
2,1
29,19
0,1
0,1
0,1
20,23
1,0
0,0
0,36
32,30
36,32
27,28
0,0
0,1
23,30
21,28
32,32
1,2
3,0
0,0
30,30
0,2
0,0
1,2
29,31
1,2
1,31
2,25
0,3
39,25
36,37
1,3
0,0
2,1
34,31
0,3
1,0
34,24
28,33
0,1
35,26
17,31
31,31
28,37
0,0
31,39
1,1
1,0
37,25
0,1
31,25
35,33
0,1
21,28
34,24
32,21
43,19
39,29
33,33
1,0
0,0
32,35
2,0
27,34
0,1
32,27
29,44
36,26
35,38
28,39
3,2
38,19
31,32
28,26
0,0
28,29
28,32
30,36
25,33
1,0
35,29
47,31
31,27
24,36
0,0
1,1
0,2
1,0
1,1
23,34
1,2
3,1
25,30
32,22
19,32
24,27
0,1
18,34
38,31
1,0
0,1
2,0
2,2
0,2
27,36
0,0
22,41
2,0
29,28
38,34
0,0
32,26
30,20
0,3
1,0
25,30
1,1
0,1
0,1
30,24
36,24
32,19
1,1
0,2
37,24
1,0
41,30
29,33
35,28
25,43
0,0
0,0
20,24
39,38
2,0
31,30
42,34
34,41
25,31
17,31
47,28
0,1
2,0
2,0
0,1
33,39
33,33
1,2
34,27
34,33
45,28
26,31
1,1
32,32
1,1
41,24
29,33
3,0
0,1
35,23
1,2
2,2
39,31
2,1
34,28
0,1
2,1
35,25
2,2
0,1
38,23
0,0
0,0
2,3
25,40
47,34
1,2
29,36
37,35
1,0
2,0
0,1
25,42
1,1
31,23
32,32
0,0
31,25
1,0
0,0
0,4
37,33
1,2
34,25
34,28
0,1
34,30
0,0
36,34
24,30
48,27
23,45
32,27
3,2
2,1
32,17
0,1
0,1
32,29
29,34
0,0
1,1
1,0
32,18
1,1
2,0
0,1
29,26
0,1
35,34
27,18
0,0
1,1
1,2
1,1
39,36
33,33
2,0
31,27
0,0
25,31
0,0
46,35
0,1
1,0
39,27
24,34
26,27
28,27
0,0
32,32
27,23
3,1
31,32
1,1
31,27
1,0
25,33
0,1
29,27
26,33
1,0
29,23
1,1
24,32
23,24
29,42
0,0
0,1
35,36
35,22
0,0
0,0
2,0
0,1
3,2
1,0
1,0
30,38
1,2
0,0
31,35
27,26
0,1
39,28
31,32
28,30
35,27
1,1
36,25
2,0
0,1
4,0
0,0
27,37
26,26
37,34
30,28
2,0
2,0
0,2
2,1
26,12
29,31
40,28
29,24
30,23
0,2
1,0
3,2
0,2
0,2
27,24
40,34
1,0
1,4
1,0
1,1
29,30
41,34
39,28
1,1
16,35
1,0
30,23
0,0
28,42
0,1
0,1
0,0
1,0
0,0
38,44
39,26
28,31
36,20
2,1
2,0
28,25
1,29
3,1
30,35
1,1
34,32
1,2
34,29
0,0
24,25
1,1
2,1
2,2
34,32
33,38
26,35
0,0
0,0
1,1
0,2
0,1
33,38
30,29
2,2
32,31
32,5
27,33
37,21
34,36
1,1
3,1
29,35
2,0
1,1
30,33
2,2
32,25
27,24
1,1
2,45
41,19
0,2
3,1
28,25
41,26
29,40
0,3
33,29
39,24
0,1
1,33
1,0
1,1
1,1
36,24
1,2
30,36
31,36
27,31
34,33
2,1
29,30
0,0
1,2
1,0
0,1
25,31
35,26
29,30
33,26
1,2
3,1
0,0
49,28
0,0
28,29
0,0
1,8
23,21
29,37
1,1
1,0
30,25
2,0
21,27
2,1
0,1
1,0
0,0
35,26
30,38
24,31
36,35
25,29
28,25
38,39
0,0
1,0
21,28
32,35
1,2
0,0
1,2
31,28
0,1
31,23
1,1
45,33
31,21
1,0
44,22
35,37
0,0
39,28
1,3
23,34
1,0
40,22
25,37
0,0
26,35
28,30
2,1
29,33
27,38
1,2
0,1
36,34
1,0
37,25
35,36
25,35
1,0
1,0
45,34
0,1
1,1
24,32
2,2
1,0
0,3
2,1
34,21
3,0
39,31
2,2
32,30
36,40
0,1
34,32
10,23
0,1
23,38
27,35
37,26
1,0
0,3
26,26
33,25
2,2
46,31
3,1
34,21
27,27
0,0
1,1
2,3
0,0
20,27
0,2
28,31
26,37
42,28
1,2
31,30
2,0
2,0
1,1
0,0
22,34
38,31
0,1
0,0
26,26
1,1
2,3
28,35
27,38
1,1
4,0
0,0
3,0
2,0
4,0
0,0
29,27
29,38
28,29
0,0
2,1
23,21
33,19
1,0
0,1
28,31
26,33
1,2
27,31
1,0
1,2
24,33
1,2
19,39
31,31
24,41
3,0
2,1
28,19
31,23
0,2
1,2
0,3
2,2
4,1
38,19
1,3
1,1
1,0
0,1
0,1
29,27
36,23
1,1
34,38
1,1
1,0
30,31
27,29
0,1
0,0
27,36
1,1
0,1
40,29
29,28
35,24
26,29
2,0
26,35
26,32
21,34
32,33
0,3
0,2
36,24
31,19
37,19
1,0
3,0
3,1
2,1
29,26
2,0
25,48
22,22
0,2
2,1
2,1
22,31
32,33
3,1
32,30
38,24
32,42
27,29
22,39
1,1
0,2
30,30
3,3
1,1
0,0
0,1
30,40
37,33
1,0
0,2
29,23
3,1
0,1
0,0
3,1
41,30
29,30
1,0
0,1
22,32
33,43
27,32
23,29
1,0
43,40
29,14
33,33
1,1
1,0
1,1
0,1
0,1
21,30
1,0
1,2
34,37
21,27
0,0
29,34
28,35
2,1
1,0
1,1
34,31
0,2
27,32
1,0
35,23
0,1
23,27
29,30
0,0
24,37
3,0
24,21
36,20
1,0
26,37
1,0
0,0
27,23
35,32
41,22
27,27
25,26
0,1
2,3
0,1
30,35
47,21
28,30
38,32
0,2
1,3
31,30
1,2
2,0
25,24
0,1
32,23
1,1
38,19
35,30
0,1
0,0
35,23
0,2
0,0
32,26
36,28
31,23
0,1
0,0
3,0
47,29
38,29
30,26
0,0
29,30
30,26
32,37
0,0
2,0
17,36
0,2
28,34
0,1
22,29
34,27
38,34
0,0
32,31
2,3
1,2
19,27
0,3
2,1
2,2
3,0
0,1
1,1
34,25
0,2
2,1
0,0
0,4
20,25
30,24
32,29
0,3
29,30
31,41
37,27
1,1
1,3
27,30
27,33
32,36
1,0
3,1
0,0
29,33
28,39
30,34
34,27
1,2
0,0
3,2
0,2
0,1
0,3
34,27
34,25
29,26
27,29
1,0
33,33
35,19
2,2
1,1
1,1
31,34
40,23
1,1
1,1
26,21
0,1
39,25
1,1
2,1
1,1
2,1
2,0
33,19
0,0
30,21
0,0
31,28
32,37
0,0
2,3
29,29
35,24
28,33
0,1
41,27
2,0
1,1
0,0
1,0
2,0
1,1
24,34
1,3
32,32
1,1
1,0
30,34
34,31
31,32
3,0
31,26
1,1
30,20
0,0
20,28
24,24
0,1
36,37
0,0
28,33
2,1
34,37
3,2
1,1
0,1
23,32
33,25
1,1
0,1
2,1
2,0
1,0
1,0
31,28
1,1
30,30
1,4
2,18
0,3
1,0
29,29
28,25
1,2
0,0
0,1
23,29
3,0
30,37
1,3
2,1
42,31
26,28
0,1
37,30
0,0
22,37
1,1
30,37
36,35
0,2
1,0
33,41
29,24
1,0
39,36
0,1
1,0
28,29
0,0
1,0
0,1
0,0
26,26
2,1
33,21
0,2
36,27
1,1
38,28
32,31
0,1
1,0
29,33
31,22
39,28
1,1
30,29
0,0
25,20
1,1
1,0
34,28
1,1
32,27
2,0
0,0
39,34
45,39
37,26
2,1
0,1
1,0
31,29
20,27
28,25
1,0
1,2
40,34
0,2
33,38
29,37
53,24
0,1
1,0
1,1
0,0
39,29
25,0
1,1
36,29
21,28
28,36
32,30
26,36
25,36
35,34
22,41
29,30
29,29
27,31
1,0
26,29
0,0
29,27
30,25
32,28
38,33
27,25
0,1
0,2
30,32
21,38
25,40
0,1
1,1
0,1
1,0
0,1
30,32
1,0
2,1
0,0
25,34
23,37
28,21
0,2
31,31
29,26
32,37
1,2
1,1
24,15
31,31
2,4
39,29
0,0
40,33
34,23
32,21
0,0
2,1
0,0
30,19
0,1
31,27
27,24
0,1
29,29
2,0
2,0
34,35
2,1
1,2
0,0
1,1
1,1
1,1
33,28
1,0
1,0
37,32
5,1
0,2
1,0
1,0
34,37
2,0
0,0
1,0
25,28
1,0
1,1
1,2
3,1
35,21
35,32
1,0
1,1
0,0
2,2
2,3
35,26
1,4
27,32
37,29
1,0
27,32
44,20
2,2
33,21
26,29
0,2
0,0
0,10
2,0
33,27
0,1
0,3
0,0
0,1
32,24
26,27
34,19
18,27
30,38
28,23
0,1
21,30
3,1
26,27
1,2
0,1
29,33
0,0
0,3
28,30
34,30
1,3
37,31
0,1
33,21
33,27
24,33
36,23
1,1
33,34
33,20
0,0
28,27
1,0
0,0
0,3
34,29
27,30
2,1
1,1
1,1
1,1
2,3
29,32
26,31
33,24
0,1
38,32
1,1
36,42
33,27
0,0
0,0
4,0
2,0
22,15
1,1
1,0
0,0
1,1
1,0
34,34
32,32
23,35
35,28
2,2
0,2
1,0
20,31
0,3
39,35
16,29
1,1
0,0
29,34
34,34
36,28
35,24
32,29
2,2
31,26
25,22
31,21
1,0
27,31
1,0
0,0
1,1
28,39
39,33
29,35
1,1
30,32
34,31
0,1
0,0
1,2
1,3
2,0
0,0
38,31
21,22
33,38
0,0
1,2
0,1
51,38
30,26
2,1
25,29
31,24
1,2
33,29
34,31
32,27
27,32
33,33
0,5
34,23
1,2
22,29
43,33
22,28
0,1
2,0
1,0
0,0
1,0
31,35
38,42
27,29
39,37
0,0
2,0
1,0
0,0
1,1
0,1
1,0
23,33
1,1
1,0
1,1
1,3
32,30
31,28
0,0
32,29
31,1
0,1
32,27
2,0
31,32
32,35
37,37
1,2
1,0
32,28
30,19
28,30
31,23
2,1
0,1
0,2
1,32
26,27
1,0
0,0
0,0
1,0
0,0
1,1
0,0
3,1
0,2
1,2
1,1
0,0
37,38
34,28
31,30
0,1
36,30
0,0
25,37
39,29
0,1
31,25
43,40
33,38
1,1
27,18
1,1
37,36
31,2
31,36
3,1
0,0
0,1
30,38
1,0
31,38
32,1
0,0
31,29
26,30
0,1
2,1
0,0
41,28
1,0
1,13
0,2
20,29
0,0
26,29
1,1
1,2
0,1
0,1
36,39
1,0
0,1
24,29
25,36
0,0
1,0
0,0
28,32
33,36
1,0
26,22
32,33
2,0
32,25
0,2
0,0
36,25
6,1
5,1
22,30
1,0
1,1
25,37
0,1
0,1
39,23
0,0
42,27
42,27
1,2
0,0
27,32
0,2
37,22
27,36
4,1
1,0
36,25
34,30
1,2
0,1
33,28
0,2
3,0
1,2
28,31
2,0
2,0
28,41
24,33
0,0
1,0
22,25
28,35
1,1
1,4
34,38
0,1
32,28
36,37
32,28
29,30
1,0
0,2
27,33
21,29
1,0
2,1
32,32
34,24
36,22
1,0
0,0
27,31
33,24
1,0
1,1
32,28
33,22
1,1
1,0
2,0
0,1
37,34
1,1
0,0
0,2
25,25
1,0
1,0
33,41
0,0
1,1
31,41
32,31
0,2
27,23
0,1
2,1
28,27
27,28
1,0
0,1
40,36
1,0
1,0
1,1
35,31
0,1
31,27
1,1
44,33
23,24
34,33
32,28
1,1
0,1
0,0
0,0
22,33
44,38
1,1
22,24
35,28
2,1
20,28
2,0
2,0
28,23
51,30
2,0
0,0
41,36
3,2
0,2
37,34
2,1
1,1
28,43
0,4
1,25
41,29
0,1
2,2
25,31
23,27
28,21
28,35
31,33
1,0
3,0
34,25
2,2
3,1
35,25
1,2
3,0
0,1
30,31
40,29
31,31
25,23
2,0
8,0
26,17
1,1
27,32
31,28
31,29
24,27
1,0
23,33
2,2
32,38
31,31
1,1
0,1
31,36
41,29
22,32
40,24
1,2
37,29
35,23
39,41
0,0
28,28
32,31
0,0
2,3
29,26
1,0
37,28
23,27
0,0
1,0
1,1
0,1
29,27
35,34
1,0
31,26
2,3
0,1
23,23
1,3
1,0
2,0
0,0
0,2
3,3
0,0
33,30
1,0
2,3
39,33
32,34
29,21
0,2
27,31
4,0
40,30
21,29
1,2
0,2
28,24
1,1
27,32
40,20
28,18
30,29
1,2
31,26
29,23
0,0
0,1
0,1
0,0
1,0
2,1
43,26
28,26
0,1
26,33
1,1
27,25
31,39
33,38
42,24
2,0
1,1
1,1
33,29
25,31
0,1
22,40
25,28
32,24
28,33
0,1
20,21
29,23
29,19
25,34
34,34
29,36
1,1
30,25
2,0
0,3
30,28
31,27
29,29
35,24
2,0
24,37
0,0
40,26
31,30
44,40
1,2
26,43
37,29
28,21
1,1
37,37
0,0
25,38
30,23
28,25
33,36
1,1
36,27
38,28
0,3
1,1
1,1
19,39
37,25
0,0
1,1
27,23
38,27
2,1
36,25
2,1
33,25
1,0
0,1
0,0
0,0
1,0
34,28
1,1
3,2
21,22
0,1
1,2
33,41
2,2
0,1
22,30
28,28
21,24
30,31
22,35
1,1
0,0
32,37
1,2
24,28
31,35
28,38
3,0
31,35
28,40
0,1
34,32
3,1
26,26
2,0
24,38
1,1
34,28
0,2
1,0
1,36
2,2
1,0
37,38
38,25
0,0
2,2
35,39
1,0
28,8
44,34
39,33
0,1
25,33
2,0
0,0
1,0
0,2
34,31
28,28
15,1
41,31
2,2
33,28
33,45
0,1
36,33
0,0
32,28
0,3
31,27
19,41
1,0
36,30
2,0
2,1
3,0
28,29
35,32
30,28
43,32
32,23
0,0
30,21
2,2
0,3
29,24
1,3
24,32
1,0
2,0
37,20
44,39
21,23
34,25
36,28
36,25
0,0
24,29
0,2
29,24
30,29
26,33
1,0
35,34
30,19
31,19
32,37
1,1
0,0
1,0
0,0
36,32
29,32
1,0
34,26
1,0
1,2
0,0
29,23
0,0
35,32
1,1
0,0
2,2
1,2
2,2
26,32
38,23
3,0
34,34
30,38
38,24
24,22
1,2
1,2
40,30
0,2
28,36
30,28
2,0
0,1
3,0
27,37
1,0
25,20
17,37
1,2
33,36
1,0
0,1
30,27
1,0
26,30
38,42
31,25
25,35
21,27
35,28
1,2
2,0
0,2
3,2
24,29
28,39
26,26
33,25
0,1
32,26
50,21
0,0
0,0
21,23
23,30
1,0
2,0
25,23
1,1
35,37
0,1
32,32
0,2
31,27
34,33
1,2
35,29
1,2
23,32
34,31
23,33
0,1
28,28
41,23
0,0
1,0
29,41
0,0
2,1
30,20
22,32
0,1
25,39
21,28
0,1
25,36
33,24
30,27
2,0
0,1
0,1
27,37
23,24
28,25
24,19
0,1
25,33
1,0
20,20
1,0
36,24
1,0
0,4
30,24
31,31
23,33
1,1
2,0
2,0
37,35
2,4
25,18
1,0
1,1
0,1
1,1
0,1
33,34
37,27
37,32
1,0
1,1
0,2
32,28
37,27
33,26
1,1
2,0
32,32
36,23
28,30
30,29
43,38
34,37
25,27
0,1
0,0
37,30
2,0
26,30
1,1
39,26
39,33
1,3
28,30
27,37
0,1
0,1
31,21
1,1
1,0
35,31
1,2
33,30
5,2
33,28
0,1
31,27
23,29
31,32
29,24
0,0
32,31
19,27
2,0
30,35
0,0
33,36
39,39
21,38
37,28
0,1
1,0
0,0
30,39
0,0
1,3
3,1
31,40
28,30
2,0
2,0
29,32
23,36
33,29
1,1
2,2
2,0
27,37
1,2
0,0
2,0
27,24
1,28
1,2
2,0
22,28
1,0
30,42
0,3
26,26
3,1
33,19
33,27
24,18
35,26
35,37
0,1
0,1
0,0
33,33
26,32
0,0
29,25
34,21
0,3
34,29
1,2
42,25
41,28
29,24
0,1
1,3
35,32
3,0
2,0
1,2
27,36
2,1
2,0
1,1
0,1
1,0
1,2
3,0
0,1
23,28
2,26
2,1
22,31
0,2
1,1
37,30
32,31
22,29
35,31
33,27
2,1
28,39
1,2
27,37
26,40
2,1
27,24
0,1
0,0
25,24
1,1
38,23
25,32
1,0
38,24
31,21
1,2
2,1
0,1
1,0
1,2
3,2
1,1
0,0
37,26
1,2
0,4
30,29
0,3
0,1
31,25
21,18
0,2
30,29
34,25
2,1
1,0
0,1
38,28
40,30
32,27
38,27
0,3
0,1
37,31
0,0
1,0
28,34
1,1
34,26
31,28
1,0
0,0
0,2
32,41
31,32
0,1
0,1
36,33
1,2
1,0
0,1
4,1
0,2
25,26
33,23
0,0
1,1
0,0
32,31
22,35
0,0
21,25
0,0
2,1
2,2
33,29
0,0
0,1
1,1
1,4
28,34
1,0
0,1
26,25
30,32
37,23
32,31
1,3
41,15
29,35
26,25
0,1
37,27
2,0
0,3
0,0
1,0
37,28
0,1
25,26
26,27
29,40
28,26
1,1
25,28
27,26
1,0
1,2
26,35
0,6
28,32
0,0
1,1
20,28
0,0
34,22
33,26
23,38
2,1
18,40
0,1
16,40
0,2
44,34
0,0
27,27
2,0
3,1
1,0
32,27
2,1
29,0
31,39
25,25
1,1
24,29
31,26
35,26
0,1
34,31
38,26
32,34
25,24
0,3
24,25
0,0
33,35
1,0
40,32
41,18
25,38
24,32
0,1
27,31
1,1
30,37
1,2
1,2
41,34
42,32
1,0
33,26
30,30
1,1
40,26
30,30
22,34
0,0
1,0
36,21
36,35
1,0
25,30
1,0
2,0
24,33
28,29
2,0
29,23
3,1
30,30
33,23
21,21
0,1
32,30
23,44
24,33
46,36
1,1
2,0
1,0
2,2
29,31
1,1
27,28
28,29
1,0
26,26
23,21
1,0
1,2
32,32
32,18
1,0
33,28
21,26
21,39
0,0
1,1
0,1
0,1
35,19
36,30
0,0
38,26
0,0
0,1
40,28
1,0
1,1
21,35
2,0
1,1
22,21
35,26
39,21
27,27
1,2
3,2
1,2
34,26
4,1
0,1
41,32
0,0
25,36
0,1
1,27
0,0
24,33
35,26
29,30
1,0
1,2
37,22
28,25
0,2
33,32
0,2
1,1
1,1
1,2
23,26
38,33
37,25
2,0
28,29
37,28
1,1
0,0
24,27
1,1
33,28
26,40
3,1
36,28
32,30
0,1
28,22
0,2
46,23
1,1
38,23
1,0
2,0
36,22
36,32
2,0
0,0
33,26
23,25
37,26
34,30
1,1
26,29
0,0
1,1
3,2
39,36
4,2
3,1
22,29
35,30
38,31
0,2
3,0
1,0
35,38
1,2
39,27
29,28
1,0
30,33
2,0
0,1
37,29
0,1
1,2
29,34
0,0
0,1
22,21
26,33
0,0
1,2
30,26
1,1
1,1
30,23
3,1
30,17
0,1
0,1
1,2
0,0
27,31
1,2
0,0
32,28
1,3
3,3
33,20
27,24
1,0
30,27
1,0
0,0
29,38
1,1
0,1
28,26
1,1
31,33
1,1
0,2
1,0
0,0
2,1
0,1
29,40
1,1
29,37
36,22
0,2
3,0
30,36
22,27
0,1
22,24
1,0
2,1
31,36
0,0
1,2
21,30
0,0
1,1
28,31
30,35
0,0
32,33
1,2
0,1
32,21
0,2
31,36
39,20
2,0
31,22
38,25
30,35
3,0
32,32
37,31
2,0
0,2
28,29
0,0
28,33
0,0
1,0
34,26
29,28
25,32
28,28
45,28
33,23
27,25
3,4
0,0
33,27
1,3
1,0
0,0
32,26
2,0
26,24
3,3
24,27
0,1
29,33
25,35
35,26
2,3
0,1
1,1
21,34
2,4
36,28
1,1
31,26
25,36
1,1
0,0
28,34
2,1
35,34
35,27
0,2
1,30
26,33
2,0
1,1
30,37
31,38
1,2
2,2
0,0
0,1
1,0
33,22
22,24
0,0
2,1
29,25
2,0
29,35
0,0
30,35
0,1
38,26
31,35
0,0
29,33
1,2
35,14
40,25
1,4
0,1
0,1
23,28
27,26
3,1
0,1
31,29
37,21
0,1
44,29
33,29
1,1
1,1
1,1
2,1
39,33
1,0
1,0
0,0
39,32
3,1
1,1
0,2
27,33
1,0
28,28
38,30
35,22
1,0
0,0
1,0
44,29
41,28
2,1
0,0
29,38
33,30
1,0
2,0
0,1
0,0
1,0
35,23
0,1
35,36
27,28
0,3
32,25
0,0
0,1
27,24
1,2
1,0
1,1
0,0
0,0
32,26
0,1
35,24
24,28
42,30
30,27
1,0
32,32
31,31
19,42
1,1
38,30
32,31
2,2
26,27
18,41
2,1
32,25
1,0
3,0
40,23
0,1
28,29
51,35
31,27
21,35
0,0
1,1
0,2
29,31
1,0
33,20
36,33
1,1
0,2
1,0
26,26
41,18
0,0
45,27
0,3
0,0
0,0
1,0
0,0
2,0
0,0
1,2
0,2
27,18
1,2
29,28
28,33
1,0
0,1
39,22
1,1
32,28
1,1
1,2
31,35
0,1
1,1
0,2
1,2
2,1
3,2
0,1
2,1
35,29
36,42
38,30
40,28
0,0
23,34
28,28
23,28
2,1
27,28
1,2
0,1
2,2
33,38
1,1
0,0
31,25
1,1
0,2
1,1
32,25
31,21
0,1
27,24
0,1
0,2
2,3
1,0
34,27
35,29
41,27
4,1
27,32
1,1
2,0
36,29
1,0
0,0
0,0
1,3
33,21
26,0
28,27
3,1
27,26
1,1
0,1
34,33
3,2
31,27
0,0
0,2
28,39
33,36
26,30
1,0
0,0
1,0
1,1
0,0
0,0
1,1
29,26
1,2
29,43
25,27
21,34
42,29
2,1
1,0
31,24
0,0
38,37
1,0
0,1
34,28
0,0
0,1
32,37
0,0
0,1
0,0
28,26
1,2
40,19
1,4
1,0
1,1
2,2
21,22
27,28
0,0
32,24
18,24
1,0
1,1
30,23
11,2
0,2
32,29
2,0
27,30
0,0
1,0
22,26
38,32
0,0
2,0
0,2
2,1
3,1
36,32
3,0
0,1
37,32
26,27
0,0
2,0
34,0
0,0
1,0
1,1
23,39
28,2
36,33
37,27
1,1
33,33
28,34
0,0
1,2
25,25
26,24
41,35
25,33
29,31
0,2
0,2
0,2
29,30
24,34
24,36
30,31
0,0
24,37
2,0
1,0
1,0
38,27
26,30
35,23
32,25
1,2
2,2
0,0
39,26
1,3
23,25
2,2
3,2
42,25
0,0
0,2
0,0
27,30
1,1
1,33
0,2
29,29
1,1
25,23
25,32
37,38
25,42
32,41
1,0
0,0
33,29
22,36
1,1
25,30
37,23
0,1
38,22
2,0
0,0
2,0
1,6
1,0
26,27
1,1
30,41
0,1
26,32
0,1
0,3
1,0
1,3
33,23
0,1
32,28
1,0
35,25
1,1
31,32
1,1
32,35
1,3
1,0
35,41
0,0
35,29
1,0
29,30
26,39
1,0
29,25
1,1
26,33
38,27
32,30
2,0
0,1
1,1
2,1
31,28
2,1
36,28
30,23
35,29
21,26
0,3
40,34
29,33
3,0
1,0
0,0
1,1
1,2
0,1
2,1
40,22
40,29
0,0
36,31
0,1
0,0
1,2
38,26
0,0
34,0
3,0
1,2
22,28
31,18
35,20
2,1
0,0
0,0
27,29
4,1
31,33
34,28
23,28
28,38
18,35
0,3
1,0
1,1
1,1
33,26
1,1
39,35
1,1
0,1
1,2
27,26
36,36
29,32
0,0
0,0
0,1
39,37
1,0
32,31
28,40
37,20
28,31
24,41
37,32
0,1
30,28
27,26
0,0
37,28
27,22
0,0
31,34
30,26
31,31
1,0
23,28
33,30
1,1
25,29
0,2
1,0
0,4
38,27
3,1
1,1
2,2
0,1
24,44
1,1
2,2
28,27
23,23
12,29
35,32
1,2
0,0
1,1
4,2
1,3
0,3
22,30
40,25
33,33
0,2
1,1
27,30
2,1
3,0
1,0
41,28
0,0
29,30
0,2
23,32
2,1
38,37
26,40
1,1
32,39
0,2
2,0
1,1
31,44
0,0
0,0
0,0
3,0
0,1
31,33
35,20
0,3
27,33
0,0
38,41
1,0
20,26
0,0
20,25
36,24
0,0
3,0
25,30
27,21
39,24
1,1
34,36
1,0
1,3
37,34
35,35
27,28
30,34
2,0
31,40
28,41
3,0
19,33
25,36
1,0
1,1
0,0
32,30
32,25
2,1
32,23
1,3
2,0
0,2
0,1
2,0
32,28
1,0
26,30
0,2
2,0
1,0
1,1
2,0
1,0
32,22
33,18
24,31
33,38
0,2
0,0
1,1
1,0
34,30
1,2
1,0
1,1
36,36
32,24
24,27
25,38
27,29
1,0
21,29
0,1
46,31
38,39
33,28
31,28
31,22
3,1
39,31
38,30
30,30
3,2
25,29
30,26
0,1
2,1
38,20
24,34
0,1
0,0
24,28
1,0
1,2
0,0
1,0
0,1
34,27
34,22
0,1
32,28
4,1
1,2
37,22
31,28
31,24
1,1
0,0
42,18
1,0
33,26
28,33
0,1
33,27
1,1
2,1
26,32
0,1
34,29
42,32
1,0
24,29
1,2
23,20
26,25
0,1
31,29
1,0
0,1
1,2
24,18
0,1
35,29
0,2
29,22
0,0
26,28
37,36
0,1
27,28
36,27
30,30
38,34
1,1
36,31
1,1
1,0
2,0
20,27
3,0
1,0
36,34
29,30
25,30
1,1
33,26
25,21
2,1
0,1
22,26
3,1
1,1
19,33
23,25
40,35
34,30
33,31
29,25
0,2
42,24
34,30
32,37
34,16
35,33
1,0
3,0
25,28
35,17
1,2
30,24
42,34
28,29
0,0
0,0
23,37
26,29
33,33
0,1
0,1
37,34
1,1
2,1
30,38
1,2
30,30
25,23
3,2
1,0
2,3
0,0
29,30
26,34
0,1
0,1
30,30
0,0
2,1
1,0
2,1
16,33
28,34
31,35
38,36
37,36
23,27
1,1
45,31
0,0
27,35
16,30
0,1
0,0
38,31
39,25
1,1
33,24
30,31
1,1
37,29
27,23
0,1
29,33
2,0
33,29
41,27
29,34
33,35
0,3
2,0
2,0
0,0
0,1
1,0
2,1
36,31
0,0
0,0
36,27
1,0
0,2
37,33
22,22
26,24
0,2
24,27
23,27
1,0
2,0
0,0
38,23
40,34
34,43
3,3
30,40
1,0
34,43
0,1
31,24
28,35
0,2
22,28
1,1
2,2
33,32
29,31
0,0
0,2
0,0
24,27
0,0
0,1
0,1
22,32
1,0
25,39
30,29
38,31
0,3
2,0
0,4
28,1
1,1
36,28
1,0
0,1
0,1
37,38
1,0
30,31
29,37
0,1
1,0
36,23
30,44
0,0
1,1
0,1
30,21
0,2
2,1
30,25
27,38
30,33
1,1
24,34
0,0
0,1
0,0
20,25
27,28
30,29
29,27
25,31
24,26
30,27
0,0
0,1
0,2
0,1
31,28
24,40
0,1
22,36
23,33
0,0
1,1
0,0
36,32
27,33
1,1
31,23
31,29
0,1
40,27
0,0
36,14
0,2
2,0
36,8
0,0
3,0
0,0
31,30
0,0
0,1
36,29
1,3
26,27
2,2
1,0
28,29
26,25
36,22
2,1
2,1
