0,2
1,35
22,31
0,28
26,28
1,28
0,1
0,2
24,0
27,37
1,29
3,0
36,30
30,0
39,1
38,28
0,1
30,1
34,32
39,34
0,1
29,28
38,30
30,31
28,0
2,35
1,0
0,0
30,1
2,2
0,0
39,29
18,19
0,0
36,33
0,33
25,23
39,27
33,1
0,31
26,1
27,28
0,29
29,0
0,24
0,26
1,35
2,24
0,0
2,27
29,37
35,3
33,30
26,0
33,0
41,22
3,17
19,1
25,34
1,30
0,1
0,0
37,1
24,1
35,1
29,32
32,20
0,0
32,33
26,27
2,2
0,0
24,30
0,0
0,3
38,0
1,25
35,29
1,0
18,29
30,26
28,0
2,2
1,0
1,23
38,0
0,0
25,26
0,1
1,0
1,19
0,2
2,26
34,18
1,31
1,35
34,31
37,22
2,1
0,16
28,1
0,35
37,2
1,1
27,2
36,2
30,27
32,21
0,0
1,2
33,0
3,23
27,1
27,0
1,33
35,22
0,1
2,2
2,25
0,32
33,27
30,1
1,0
1,29
0,1
28,27
23,1
40,2
0,0
32,0
0,2
38,30
34,0
2,0
0,3
0,37
2,2
4,24
2,0
0,0
22,17
0,30
25,1
1,41
0,1
0,0
2,28
39,27
26,33
0,1
40,2
2,0
37,30
24,1
33,36
0,35
33,1
29,0
26,0
31,25
34,0
38,1
27,29
37,3
25,25
2,0
27,0
23,28
38,26
2,31
0,0
0,1
34,21
2,2
0,19
1,1
40,0
5,0
37,1
0,0
1,20
27,34
0,31
0,34
2,3
30,41
23,22
34,2
0,1
36,29
24,0
0,39
19,28
0,0
28,36
1,1
0,32
29,27
40,2
34,26
28,23
0,2
0,0
35,1
36,0
2,0
0,31
21,3
0,32
13,27
1,0
1,1
23,38
32,26
38,0
2,1
20,33
1,1
32,23
1,29
20,23
28,33
26,0
0,29
1,33
1,0
47,37
43,43
26,27
41,24
38,28
1,2
1,1
0,1
3,1
35,20
33,33
39,27
29,28
0,29
38,26
33,36
37,0
1,32
30,0
36,0
2,23
25,0
33,40
2,32
28,30
28,2
0,33
39,31
1,20
0,26
32,30
32,0
36,42
33,33
46,2
34,29
33,18
0,24
27,29
34,42
26,23
1,26
1,36
38,2
1,25
0,0
30,27
1,0
1,1
32,2
2,25
27,33
35,0
30,1
26,1
1,1
2,31
1,34
25,38
0,29
27,32
1,3
29,1
0,0
0,30
0,33
1,0
23,1
25,34
38,1
30,2
0,0
3,0
26,25
0,33
2,28
1,1
0,32
29,33
36,40
0,28
39,1
0,22
0,26
29,33
24,33
0,27
29,45
0,0
29,22
30,32
0,0
1,25
1,0
0,26
0,26
1,22
30,1
1,26
1,1
21,2
2,34
30,32
0,30
29,0
0,1
34,29
28,33
0,33
27,0
31,24
23,38
0,2
1,40
36,0
0,1
1,1
40,31
33,0
41,30
33,1
28,1
1,1
23,23
34,32
1,1
1,29
32,2
0,32
26,20
1,29
33,0
28,0
21,33
35,1
39,33
2,2
22,1
0,0
31,0
26,31
1,0
1,17
39,1
2,28
0,0
28,26
0,2
27,32
23,0
2,3
33,4
26,0
39,19
34,1
28,0
1,28
2,20
0,0
38,27
0,1
28,1
0,32
1,27
1,1
30,1
38,1
1,1
1,0
25,0
41,31
30,23
30,2
25,2
1,28
1,30
22,25
22,36
28,23
28,25
2,32
40,1
30,0
27,1
3,22
2,1
1,1
31,24
40,1
35,29
32,1
0,2
0,0
0,36
33,35
0,2
28,32
22,34
39,30
37,1
34,1
38,0
1,35
33,0
35,35
28,36
3,0
44,30
0,25
33,0
43,3
0,3
2,35
27,0
19,0
31,0
1,0
1,23
0,32
1,25
0,3
31,33
1,0
0,0
1,0
27,0
22,0
1,37
24,24
27,39
1,0
1,0
25,38
37,0
26,0
37,20
36,1
2,35
36,0
21,2
21,0
0,1
1,28
0,2
0,1
18,32
34,2
33,35
0,2
0,32
0,0
2,3
32,35
39,30
0,1
3,1
0,21
0,26
33,2
0,0
3,0
24,0
31,0
32,0
35,0
31,1
0,0
25,1
27,36
0,26
33,11
19,2
43,34
2,2
1,1
2,0
25,18
25,0
30,0
1,24
21,26
2,1
0,1
21,1
1,32
29,24
1,39
0,34
2,1
2,33
1,27
36,22
23,34
1,29
0,40
33,0
1,1
20,0
22,23
32,0
22,18
1,1
7,1
1,2
23,0
32,29
0,0
0,28
31,21
32,2
1,2
29,32
30,35
0,1
2,27
39,44
0,0
1,29
1,0
0,30
36,1
37,0
0,28
0,0
1,1
25,33
19,1
1,27
0,35
26,29
29,36
0,38
29,1
35,23
0,24
38,30
34,23
2,0
0,2
0,18
1,24
0,21
24,1
17,0
30,2
1,47
0,26
1,3
0,45
33,32
47,27
30,41
1,1
1,39
34,2
36,26
29,25
1,0
20,30
35,2
2,2
31,23
1,26
36,32
34,41
31,2
30,0
1,23
30,2
0,37
29,31
31,1
0,30
0,0
35,34
31,0
36,0
24,0
38,31
32,25
2,31
20,30
1,3
28,24
1,2
1,1
0,1
1,28
0,32
37,1
2,1
32,14
0,1
35,1
37,1
0,1
33,1
1,0
21,32
2,1
41,28
0,0
30,0
33,34
30,21
0,0
1,1
0,33
2,0
37,35
1,33
2,0
31,41
27,1
29,46
21,26
24,32
3,1
33,29
29,35
4,1
32,31
37,0
1,0
0,2
2,0
0,36
43,1
22,38
31,36
0,29
29,31
29,25
40,32
37,2
1,1
1,31
2,1
1,3
22,34
27,28
0,40
50,3
30,0
28,0
1,29
34,28
0,41
35,0
1,30
1,28
41,25
0,0
31,32
28,34
21,25
23,25
34,0
27,31
30,1
2,1
0,0
29,2
39,32
26,1
31,25
34,34
0,0
1,35
34,28
30,25
0,28
1,39
37,23
31,2
27,2
0,0
1,1
34,0
34,27
1,26
25,24
30,27
29,0
0,17
22,40
2,24
25,29
40,31
1,0
1,1
29,37
32,26
0,2
0,0
35,27
31,35
29,1
27,40
27,39
35,17
22,0
24,2
0,0
43,0
30,36
25,28
47,25
1,33
34,25
1,36
1,28
1,0
4,32
1,28
1,30
44,37
1,33
0,38
1,1
26,0
27,29
2,31
33,34
1,42
0,3
40,3
3,16
0,0
40,0
2,1
1,1
4,26
0,21
31,1
3,26
0,1
0,1
0,2
3,1
2,1
2,1
24,2
1,17
2,33
13,20
4,2
1,1
0,26
2,2
33,0
1,36
29,1
0,2
29,1
35,1
1,1
0,1
1,31
0,1
37,1
0,30
36,30
0,2
31,25
0,0
33,1
0,24
25,30
27,34
0,0
31,1
33,0
31,26
33,15
0,0
1,33
35,1
2,38
2,42
0,23
36,39
36,27
0,1
0,0
37,34
2,0
0,30
38,0
3,0
37,38
2,5
30,22
2,19
35,0
30,0
33,2
32,1
31,29
1,1
31,20
31,24
1,0
23,37
38,1
0,19
33,2
1,25
1,25
0,2
1,0
2,31
0,38
31,34
34,1
24,27
33,1
30,42
0,1
0,40
0,26
2,3
1,37
1,30
1,28
41,38
25,0
38,0
37,1
30,2
28,1
1,0
0,2
0,29
2,0
1,1
3,1
1,45
38,2
28,36
0,1
30,39
34,2
29,21
2,34
16,0
24,2
29,1
0,1
0,1
39,33
1,41
0,29
1,0
23,24
32,27
0,0
0,1
0,2
0,41
0,3
30,0
1,0
24,32
1,0
