39,0
31,1
25,0
1,2
22,1
33,0
0,32
2,24
37,3
2,24
0,33
26,0
23,0
0,38
1,28
1,27
44,2
27,1
37,0
2,24
1,32
36,0
29,0
40,0
35,0
2,30
33,1
18,1
31,2
1,24
0,33
1,40
32,0
37,0
31,2
34,0
30,2
0,30
26,0
2,34
1,33
1,37
25,2
2,36
35,1
1,30
1,26
0,30
29,1
30,1
26,0
1,27
33,0
1,28
42,0
29,1
0,25
46,1
29,2
31,1
1,33
29,0
36,0
0,29
2,32
1,28
26,2
28,1
0,34
23,1
27,0
27,1
0,30
1,36
2,30
2,33
46,1
35,1
0,35
29,1
37,1
38,0
23,0
0,27
32,4
27,1
1,24
29,1
1,36
28,2
36,0
1,37
0,30
2,27
28,0
0,34
0,39
0,40
3,24
2,29
0,33
0,30
26,2
0,26
1,27
31,1
1,34
24,0
2,39
2,21
28,1
3,28
38,1
35,2
26,2
4,27
0,19
1,35
29,1
25,2
16,1
0,32
1,33
32,1
0,23
1,28
1,29
1,33
2,29
1,25
0,33
38,2
0,31
39,1
32,0
1,34
30,0
22,0
17,4
0,36
30,0
0,21
27,0
3,24
0,32
0,29
33,0
1,32
2,28
32,1
35,0
30,0
30,1
31,1
26,0
2,28
2,25
1,27
31,1
3,28
1,32
38,2
1,40
3,31
30,0
36,1
23,1
35,2
31,0
23,2
1,29
24,0
0,41
31,0
4,31
31,0
0,43
3,37
38,2
1,29
30,0
38,1
29,2
23,1
1,30
1,36
2,25
27,0
23,2
27,1
2,30
2,27
0,33
32,1
36,2
22,1
0,18
0,30
0,26
33,1
0,37
1,33
27,0
33,3
20,1
31,0
29,1
0,31
0,28
29,2
29,0
1,28
29,3
34,2
32,0
2,26
3,28
2,38
38,3
0,29
22,0
25,2
32,0
0,0
0,25
31,0
27,0
30,0
24,1
0,27
35,1
1,29
32,0
29,0
27,0
25,0
30,1
27,3
1,34
31,3
0,27
40,1
29,2
2,24
1,34
0,37
32,1
4,27
26,0
22,1
1,23
1,32
1,33
0,27
35,1
0,29
48,0
0,30
0,28
40,1
0,26
26,2
42,1
0,41
1,28
0,35
2,38
1,26
2,26
2,16
0,26
0,33
0,33
35,1
0,26
21,3
3,26
1,38
1,25
32,3
30,0
26,0
34,0
25,2
3,29
44,1
0,25
40,1
18,0
24,0
1,28
1,37
0,34
2,28
1,21
21,4
2,27
27,0
32,0
0,38
2,26
1,30
0,28
29,2
1,39
2,31
1,31
2,26
1,19
1,29
1,18
33,1
30,1
32,2
1,30
27,2
0,31
26,1
0,27
30,0
2,41
25,0
38,2
21,0
1,1
1,27
27,0
28,1
0,32
1,28
30,1
23,0
0,33
35,2
0,22
1,32
1,28
1,25
21,1
37,2
4,33
2,35
30,0
22,0
33,2
2,29
28,2
38,1
38,0
35,0
37,2
0,32
27,2
21,1
34,1
38,1
33,1
48,3
30,0
2,35
1,40
32,0
24,2
4,25
2,26
26,1
18,1
17,2
0,19
24,0
32,0
38,0
0,27
0,1
19,0
30,0
25,1
31,1
1,37
33,0
1,35
1,25
14,2
1,20
2,34
37,1
25,1
30,1
0,27
40,1
1,24
38,3
0,29
2,29
0,35
34,2
0,29
1,22
35,0
0,29
2,27
30,1
0,27
32,1
22,1
2,31
2,32
1,29
29,1
24,0
27,1
0,34
0,25
0,30
1,29
1,28
35,0
35,0
1,35
37,1
36,2
22,0
31,0
0,26
2,32
38,1
0,29
0,26
0,19
36,0
31,3
22,1
0,31
1,40
41,1
31,2
0,35
0,13
2,28
26,0
2,28
0,30
0,33
0,26
27,1
30,3
30,1
0,23
1,25
0,30
27,0
21,1
18,1
34,1
0,32
0,23
0,29
2,44
0,30
20,0
30,2
34,1
1,28
1,28
36,1
0,27
28,1
31,0
26,0
36,0
1,27
30,0
30,0
0,32
1,26
31,1
35,1
0,22
27,1
24,1
25,1
32,3
0,27
33,2
1,44
31,0
1,27
3,29
42,0
1,31
1,33
0,30
0,28
28,0
37,1
0,31
21,0
1,25
36,1
22,2
33,0
29,0
0,35
32,2
31,2
26,2
29,0
0,43
0,31
24,3
25,2
30,0
1,40
28,2
1,28
2,18
1,22
30,2
34,0
0,29
0,22
21,0
37,4
0,24
1,22
26,0
1,39
21,1
16,2
0,36
2,28
0,18
32,1
23,0
0,26
1,27
1,35
0,41
34,0
34,1
34,1
24,2
1,30
29,0
0,27
0,39
0,25
26,1
26,1
29,0
1,35
1,26
22,2
35,0
0,36
0,32
24,1
49,0
39,1
29,1
26,2
1,38
1,31
44,2
23,0
1,28
1,21
40,1
31,1
0,24
30,1
0,30
31,1
36,2
2,20
1,34
0,30
23,0
0,30
1,45
37,0
2,22
1,30
3,22
36,1
29,1
0,30
1,22
28,0
36,1
0,30
30,0
1,39
29,1
36,2
25,1
38,4
1,26
1,19
2,28
28,0
2,24
20,1
41,0
30,1
1,31
23,0
0,29
1,27
1,34
1,29
3,32
2,31
0,37
2,35
1,26
0,28
1,39
22,1
24,0
0,37
34,0
36,3
1,41
1,23
0,29
1,26
0,29
1,24
0,27
1,32
38,1
41,0
1,22
41,0
2,39
2,21
0,34
37,0
21,2
1,19
0,22
1,28
0,43
27,0
26,1
0,28
1,39
27,1
2,34
30,0
0,31
32,2
33,0
30,1
32,0
31,2
1,35
4,29
40,0
1,23
0,26
0,29
24,2
28,0
0,25
35,0
29,1
0,33
1,36
1,31
24,5
1,34
2,29
1,28
2,34
31,1
33,1
1,21
32,0
0,26
1,28
1,28
41,0
1,26
40,0
0,31
42,1
22,2
0,40
30,2
0,30
34,30
28,1
27,2
35,1
39,1
35,4
3,21
38,1
1,27
0,22
2,40
0,0
0,33
1,23
0,24
2,32
1,33
1,17
3,32
41,2
29,0
0,38
35,3
2,33
22,1
34,0
1,21
35,0
28,1
0,24
1,23
40,3
26,0
36,1
32,1
21,1
23,2
1,26
32,1
31,0
3,31
0,24
37,0
2,36
2,38
0,24
6,28
0,20
38,0
0,36
24,0
24,0
2,38
0,26
28,0
0,38
25,1
32,0
1,24
35,3
47,1
1,38
32,2
31,1
0,31
2,27
25,0
18,1
0,33
3,22
41,26
2,27
29,2
34,0
0,35
2,21
1,23
3,24
3,40
0,23
30,1
35,0
38,0
39,0
0,35
33,1
21,3
29,0
1,34
2,33
1,2
31,1
28,0
21,0
30,1
0,35
23,0
0,37
0,23
38,2
3,28
28,2
39,2
0,33
32,1
1,19
0,33
36,0
1,28
3,28
31,1
1,38
25,0
3,22
0,30
2,24
4,32
0,22
0,46
30,27
0,22
0,23
1,31
0,38
25,1
0,31
1,25
30,1
37,0
1,38
41,0
0,29
1,35
0,33
29,1
28,1
34,0
31,0
1,33
1,27
36,2
1,28
23,0
0,35
0,36
0,29
27,0
1,28
29,0
28,1
2,27
0,34
23,4
0,34
29,0
38,2
31,1
2,32
1,27
0,38
1,26
39,1
24,0
20,1
31,0
37,0
0,19
38,0
1,38
2,35
0,43
2,28
1,31
2,26
0,29
1,27
2,37
1,34
29,29
32,1
2,28
