37,33
2,36
36,0
1,1
1,3
32,26
0,3
35,35
1,29
37,35
26,1
1,41
27,28
40,0
29,34
32,28
25,0
23,0
47,27
2,21
1,0
0,2
0,0
29,0
1,35
0,1
34,1
24,1
33,29
38,1
0,2
0,18
27,34
1,1
27,0
28,29
29,28
29,0
1,36
37,35
18,2
0,2
22,0
1,1
2,2
1,5
3,35
32,1
32,28
29,29
0,2
0,1
30,26
27,3
36,28
1,0
35,34
30,0
0,1
0,3
25,0
1,28
0,2
33,1
31,27
2,0
42,26
2,44
36,1
2,0
0,0
22,33
1,1
27,21
0,1
31,1
0,34
17,1
0,21
0,1
2,0
23,17
2,28
2,36
0,38
36,26
1,0
23,1
0,29
0,20
0,24
37,32
1,0
3,0
0,31
0,28
32,34
31,31
46,2
32,38
20,19
1,29
1,28
32,34
1,27
34,0
1,22
0,36
32,21
2,1
1,1
1,4
1,1
31,0
31,43
1,26
1,1
25,2
29,0
1,3
34,1
0,3
15,0
0,23
27,39
1,0
16,26
24,0
35,1
1,28
0,0
30,22
28,30
36,0
1,1
22,36
36,0
1,0
0,1
1,0
1,38
0,35
44,27
28,2
3,30
0,0
0,34
2,31
33,1
0,25
0,23
28,33
29,36
28,0
1,0
34,33
40,3
1,1
0,32
36,0
1,26
0,25
2,1
1,43
34,39
25,2
2,32
32,19
30,0
1,1
26,0
25,30
34,1
0,1
23,1
27,35
34,25
29,34
32,2
1,2
1,1
39,1
1,27
34,2
36,33
38,1
35,3
17,0
41,28
0,2
2,21
2,0
0,0
2,0
1,28
34,1
2,37
0,23
39,0
28,0
3,24
0,2
20,33
36,2
24,27
30,0
26,30
0,1
28,1
29,2
1,1
1,3
1,1
29,42
0,1
32,0
1,27
30,1
3,34
0,33
26,0
12,21
22,2
34,30
1,31
0,1
1,0
34,27
1,29
32,1
25,29
37,25
22,29
26,25
36,31
27,36
40,0
29,29
0,1
1,29
17,25
37,29
23,2
4,0
0,37
3,0
26,26
3,23
26,2
0,1
35,30
1,1
28,23
33,24
1,1
30,35
1,0
0,0
0,0
24,32
36,38
1,0
0,28
36,27
1,1
2,0
1,39
0,29
0,0
21,0
1,36
35,30
1,25
0,30
2,1
39,1
30,1
34,35
1,34
0,29
0,21
5,28
29,2
38,0
34,0
44,32
26,32
31,24
21,1
1,0
33,2
28,0
35,39
1,18
33,0
35,16
0,4
1,0
0,29
30,1
25,3
21,26
0,22
0,0
0,1
2,2
38,0
0,29
31,1
1,32
16,1
1,0
35,1
34,0
2,0
44,0
0,1
0,0
27,26
32,35
1,1
29,0
3,0
1,32
0,31
38,0
44,42
1,2
0,29
22,1
33,33
32,2
32,31
30,1
0,29
0,27
0,32
31,23
2,29
2,30
31,0
35,0
25,3
2,26
0,1
30,27
29,36
2,22
28,0
20,28
32,2
1,28
29,0
1,32
1,35
1,1
21,1
33,23
33,1
0,3
29,1
1,24
0,35
2,25
0,1
1,0
32,35
0,34
1,1
29,22
3,2
21,2
32,3
1,16
34,2
29,1
1,28
17,21
37,1
37,0
0,1
32,1
37,2
27,0
31,1
36,0
0,34
27,28
36,4
0,28
1,0
1,28
3,23
28,34
28,1
26,33
28,1
0,28
28,0
25,0
0,30
40,30
30,35
34,0
20,0
1,35
31,31
1,34
34,1
31,37
1,30
0,0
0,1
0,1
24,2
0,1
31,1
33,36
25,0
24,26
31,1
1,1
29,30
3,1
26,21
32,1
41,30
24,28
0,2
1,1
25,41
40,23
27,36
32,0
0,0
0,23
0,0
0,1
31,36
38,39
0,30
25,4
27,27
23,30
35,19
0,1
1,22
0,2
31,1
2,0
34,30
1,0
32,3
1,29
37,2
36,0
31,28
30,3
0,0
0,1
31,0
0,37
2,1
29,36
38,2
34,1
40,29
30,2
0,38
1,23
1,43
2,0
3,0
42,0
31,13
1,2
28,28
36,24
29,29
1,25
1,0
33,0
32,0
41,0
2,3
24,39
25,1
28,1
0,0
1,28
0,0
0,39
25,25
23,1
0,1
0,17
39,1
0,0
33,1
1,1
34,23
34,1
39,35
26,30
35,29
0,2
0,1
29,36
26,1
1,2
1,2
2,33
19,34
23,32
26,36
28,2
29,3
2,1
37,1
33,33
3,23
2,2
0,35
2,37
25,36
27,20
32,26
0,0
29,0
30,0
24,0
26,45
0,25
1,27
1,1
36,29
0,34
1,0
26,29
31,1
39,0
22,30
1,41
23,32
2,28
28,0
37,1
24,0
0,19
37,3
36,29
0,2
1,28
25,32
28,1
25,0
30,27
0,27
0,26
25,0
4,0
38,0
2,21
26,0
1,2
0,27
0,24
22,22
26,29
30,1
1,34
3,0
0,0
28,2
34,28
1,30
26,0
28,2
1,26
0,1
1,0
20,32
0,21
32,21
1,18
0,1
46,0
35,0
25,27
1,35
38,0
1,23
31,1
0,30
0,2
0,0
1,0
38,34
29,30
0,41
1,0
0,1
36,30
29,1
1,30
0,37
25,1
2,0
32,38
36,0
25,30
0,0
40,33
28,1
23,15
25,21
31,1
34,18
42,28
23,1
22,37
23,25
30,1
2,26
1,2
39,26
31,26
1,0
0,37
0,33
0,2
30,0
1,0
40,1
39,2
32,32
32,32
35,0
26,30
26,29
1,2
0,0
32,27
0,0
0,25
0,32
32,30
0,18
32,21
0,1
2,34
36,38
0,1
25,25
1,22
2,20
30,4
0,20
22,34
0,32
1,1
1,37
29,33
33,31
0,36
0,37
2,0
33,28
26,0
1,23
0,33
1,38
47,32
0,0
0,1
31,0
2,0
26,0
3,4
0,22
34,30
0,34
20,38
33,0
0,1
2,0
0,0
2,34
1,0
41,30
28,1
1,1
29,0
37,16
44,23
25,33
3,2
3,25
0,29
2,2
39,1
1,1
1,25
0,21
34,0
26,39
1,38
38,24
1,0
41,0
1,32
36,25
2,1
43,0
0,35
37,25
27,38
0,17
2,32
0,35
27,19
1,1
35,23
0,0
1,0
1,2
2,1
24,25
31,1
41,27
38,25
1,24
30,25
26,0
26,1
26,31
2,25
28,30
2,3
38,1
1,36
1,28
1,1
34,0
39,1
1,0
0,1
22,1
30,29
33,40
2,1
0,34
1,1
32,31
0,1
39,2
1,28
0,0
28,24
23,35
0,27
30,32
36,0
22,1
0,2
33,1
30,40
0,21
0,2
2,26
0,0
38,1
2,0
24,0
34,0
0,30
29,1
29,0
3,35
3,27
3,0
19,23
2,1
27,1
0,31
38,18
19,25
2,2
26,0
31,34
32,2
30,20
25,23
0,2
1,27
40,0
1,2
24,29
0,0
29,28
0,0
29,3
0,2
30,1
1,28
29,1
19,2
38,38
29,1
1,1
1,26
34,26
21,2
26,2
0,1
26,24
32,36
1,30
0,2
3,31
2,0
0,25
2,1
2,28
29,29
1,3
1,1
25,20
0,37
1,19
0,0
24,33
23,3
9,28
2,0
0,1
31,1
29,28
0,0
29,0
1,2
0,36
30,26
1,1
2,1
0,19
0,0
2,2
0,27
37,35
0,1
0,34
1,35
28,29
0,33
0,0
0,0
34,0
1,37
1,0
34,3
37,26
32,1
30,32
24,2
31,0
33,1
2,30
29,1
38,32
1,26
1,23
1,0
0,1
39,23
0,30
25,22
1,28
2,2
0,1
0,21
1,22
38,34
24,0
2,30
22,0
40,2
2,40
20,48
