37,34
22,31
0,1
2,2
27,25
1,0
30,37
1,1
0,0
17,21
2,2
33,32
1,1
0,0
29,32
41,46
37,25
2,0
27,42
0,0
26,24
2,3
2,1
0,2
0,0
34,38
1,0
1,1
1,0
2,2
36,25
34,29
26,27
0,0
17,19
1,3
1,0
1,3
2,3
1,2
41,29
0,0
30,24
1,1
0,0
0,0
27,38
0,0
0,0
1,1
1,4
0,1
0,0
2,1
3,0
43,29
0,2
38,30
36,19
31,31
26,22
32,2
34,39
25,27
34,26
1,1
0,1
1,1
0,0
30,32
1,2
25,26
0,2
29,24
32,23
2,2
23,39
2,0
1,1
39,29
2,0
3,0
26,38
31,26
0,1
0,1
28,24
0,1
33,36
37,23
5,3
31,32
1,0
32,34
0,0
33,18
1,1
34,29
1,1
1,2
1,0
0,1
27,34
18,29
31,21
32,34
41,21
36,27
0,0
0,3
45,24
26,27
2,0
31,30
38,32
23,27
42,37
2,1
0,2
5,1
30,23
0,1
0,0
0,1
1,0
0,0
28,28
37,25
32,22
0,0
38,32
1,1
29,23
1,1
0,1
29,25
36,27
32,42
38,30
2,0
0,1
18,28
29,30
33,35
1,2
23,30
0,0
1,0
27,31
30,37
1,0
23,30
32,38
1,0
1,0
30,29
30,30
25,28
30,35
26,26
0,2
32,31
0,0
3,0
31,9
2,1
0,2
32,24
0,0
28,41
1,0
28,29
1,2
27,38
28,37
36,23
0,3
17,42
20,37
42,25
0,0
36,31
40,33
1,1
0,1
32,35
2,2
1,0
1,1
43,30
30,14
0,1
3,2
0,0
21,28
0,0
25,35
1,0
0,1
0,3
1,0
0,0
26,30
1,1
2,0
3,0
1,1
13,23
36,35
1,1
22,27
24,19
2,0
35,28
2,1
0,1
1,0
34,25
34,37
32,0
31,34
29,29
34,33
1,0
41,24
2,0
1,0
29,27
0,1
1,0
0,1
34,26
28,32
20,39
0,2
31,26
39,34
1,0
0,0
1,2
1,1
0,0
25,25
3,0
0,2
1,1
36,27
31,36
33,33
24,32
22,35
24,27
0,2
0,0
31,20
26,26
27,30
26,23
26,27
1,1
33,25
0,0
0,1
2,1
31,45
35,19
2,0
1,0
1,2
0,1
0,0
1,0
0,0
0,0
1,1
32,25
25,27
1,3
0,2
1,2
27,38
1,0
39,24
1,2
26,31
29,20
36,25
37,29
36,34
1,1
35,29
38,33
1,0
34,29
3,1
0,1
1,0
18,27
0,2
27,33
34,29
26,41
2,0
22,28
29,35
2,1
1,0
29,31
22,33
1,1
2,1
1,0
21,23
34,22
36,45
1,0
26,15
0,1
1,3
25,29
31,25
34,25
0,0
1,0
36,31
0,3
2,1
31,46
2,1
1,0
26,33
1,0
1,1
23,23
34,34
1,1
18,22
0,0
34,33
30,27
1,0
4,0
2,1
0,0
38,30
1,0
29,32
31,32
2,2
33,29
1,1
33,25
39,26
0,2
0,0
1,1
27,24
1,1
5,2
41,32
13,25
1,0
3,0
27,26
2,1
1,2
2,3
0,1
26,32
34,42
26,23
0,1
1,1
1,0
36,35
1,2
4,0
43,39
1,0
42,32
0,0
31,29
29,33
2,1
0,2
1,1
27,39
0,0
1,0
1,0
1,0
34,24
34,28
34,49
36,34
0,1
2,1
35,44
37,30
28,31
2,0
26,27
1,1
0,2
1,0
33,28
36,30
1,0
32,29
28,27
32,25
22,27
25,31
34,30
32,32
35,28
30,20
2,2
3,29
21,31
2,1
0,0
2,1
2,0
0,0
2,1
28,20
0,0
31,24
34,28
32,37
31,36
44,39
37,32
1,1
35,28
0,6
35,35
39,39
0,2
30,29
1,2
4,1
0,1
23,26
1,0
2,1
30,34
1,0
23,36
26,30
1,1
0,2
2,0
1,0
0,4
0,0
36,43
0,1
30,31
0,1
27,34
36,36
1,2
28,43
4,0
33,26
2,0
21,27
18,29
0,1
21,19
25,33
0,1
0,0
1,0
2,1
35,33
1,1
14,30
33,29
35,34
0,1
28,27
30,33
27,24
33,41
32,30
3,0
31,21
30,38
2,0
29,33
0,1
25,31
2,2
0,2
0,0
24,39
33,32
28,34
33,25
25,30
0,1
26,30
31,1
33,34
28,19
1,1
29,37
37,16
1,0
24,20
27,26
23,36
1,1
0,0
2,1
22,20
1,1
1,0
1,0
29,25
36,39
1,3
32,31
37,27
24,22
1,3
1,0
21,26
0,1
0,2
0,0
27,29
2,1
11,31
0,1
0,0
1,0
34,30
32,26
24,23
1,2
1,0
36,26
0,1
23,24
0,0
0,2
34,31
26,43
0,0
0,2
2,0
0,1
26,27
30,28
41,27
27,26
4,0
31,14
2,0
1,0
19,22
33,27
0,0
33,31
28,30
35,32
27,27
1,2
1,0
43,34
29,17
2,0
2,0
32,32
30,43
0,0
38,28
0,0
29,30
1,0
23,36
23,35
0,1
0,1
23,36
28,34
2,1
44,33
12,30
0,1
33,26
32,34
0,0
32,30
26,19
28,28
0,1
33,39
1,1
23,28
3,2
41,30
2,2
2,1
1,1
26,29
0,0
0,1
29,20
20,42
0,1
28,31
18,34
27,32
2,2
33,24
32,30
36,27
1,1
1,0
0,1
0,29
1,3
27,21
24,32
1,0
31,20
37,40
1,1
23,26
25,33
36,27
27,24
2,1
35,24
41,29
1,1
0,15
29,25
0,1
0,26
34,37
32,29
3,1
28,34
31,24
0,0
41,26
31,25
1,1
1,1
24,43
2,0
2,0
24,27
50,34
34,26
38,30
0,0
23,22
20,30
25,23
47,28
0,1
0,5
0,1
0,0
0,1
28,23
25,33
1,0
0,0
35,29
34,18
19,37
0,1
40,39
29,20
1,1
36,23
5,1
0,2
24,39
0,0
30,27
38,36
1,2
32,17
24,26
28,30
34,28
27,26
0,0
1,1
26,39
34,34
24,28
35,30
0,0
0,3
33,32
22,26
29,29
0,0
28,29
1,1
2,3
25,31
29,30
36,24
28,38
0,1
1,2
46,30
23,29
2,2
24,42
1,1
1,0
39,23
34,29
0,0
1,1
1,2
2,1
2,1
0,0
32,31
0,1
1,0
1,1
28,28
1,0
0,0
33,27
28,23
2,1
0,0
31,27
29,35
31,29
0,2
30,29
0,2
21,24
34,38
3,1
0,0
34,33
32,32
1,1
1,2
0,1
1,1
24,18
25,35
24,32
0,0
0,0
22,27
40,26
1,1
40,29
1,2
0,2
28,30
31,33
32,33
0,3
1,1
37,22
22,29
0,0
23,26
33,22
37,28
40,35
1,0
37,29
30,34
29,32
1,0
1,0
1,0
23,29
2,0
31,32
33,23
0,1
1,1
1,0
36,26
38,33
33,20
1,1
38,22
1,0
28,32
31,31
28,25
29,34
0,1
1,0
2,1
32,29
36,26
1,0
27,38
1,0
30,20
45,29
2,0
29,32
33,28
0,1
27,28
0,1
46,30
24,29
0,0
32,33
35,34
0,0
34,25
0,0
34,23
28,29
35,37
21,25
0,1
4,1
31,27
0,0
31,24
1,1
1,1
1,2
3,2
30,26
35,40
1,0
1,2
0,1
30,24
30,27
34,32
22,18
0,0
0,1
28,37
32,34
1,1
0,0
1,3
25,28
37,35
1,0
32,28
1,2
2,1
29,35
30,21
2,0
0,1
18,30
32,34
38,37
1,3
0,1
32,27
28,30
0,1
0,1
43,32
23,27
30,28
2,0
26,29
1,1
1,2
34,28
28,27
23,33
26,27
33,36
0,0
