1,33
29,32
40,1
1,25
22,0
38,0
35,2
1,23
35,28
34,2
0,28
3,28
0,1
39,29
0,37
2,39
0,27
24,29
1,25
0,36
20,2
1,38
22,30
23,1
32,1
0,35
25,2
30,31
0,2
0,36
2,2
0,26
1,1
28,0
34,1
37,0
0,0
1,39
0,1
2,1
30,0
0,42
2,36
0,1
27,40
0,0
0,0
1,33
39,0
0,0
31,0
26,38
28,1
1,35
1,29
31,32
38,1
0,4
0,28
23,1
28,32
0,0
19,2
37,29
1,25
24,0
36,0
34,0
25,0
0,0
0,0
32,32
1,0
32,2
1,0
2,22
1,27
33,2
0,40
0,2
1,37
1,0
23,3
0,29
24,3
0,1
32,2
1,0
0,38
32,0
1,1
0,1
23,1
27,0
30,0
25,29
3,3
1,23
0,2
38,0
28,0
1,25
1,1
0,24
36,24
0,0
0,0
1,28
0,3
31,0
43,1
0,30
46,34
0,26
38,26
31,19
29,31
1,28
33,29
22,26
2,27
34,0
0,0
2,27
30,0
42,2
1,32
0,37
42,29
30,29
3,35
0,27
29,22
0,30
1,29
26,37
25,22
2,31
1,30
29,31
1,1
43,1
4,35
39,34
31,18
0,33
1,36
1,26
1,1
44,1
0,1
32,1
31,24
0,1
2,0
1,0
1,2
31,2
34,32
33,29
29,33
2,0
23,31
3,4
0,1
2,0
26,31
2,19
27,21
1,1
19,27
22,2
25,22
0,0
1,32
3,1
0,2
1,0
0,23
1,30
1,2
35,32
3,22
29,26
0,2
28,1
27,25
27,33
1,31
27,35
37,34
0,1
1,0
1,2
35,24
30,22
29,0
31,15
0,26
1,30
2,34
0,26
29,39
27,0
40,24
39,27
1,3
22,1
1,1
0,0
1,35
36,37
29,33
22,1
0,1
30,0
32,1
26,26
0,33
1,34
0,1
27,28
26,2
0,1
0,34
2,0
0,2
28,34
1,31
0,2
37,28
29,27
39,1
0,0
1,2
27,1
32,30
3,0
21,38
1,20
1,32
2,35
31,18
1,0
0,2
1,2
0,0
26,0
0,0
25,31
0,22
16,0
20,39
41,4
28,0
32,0
0,0
25,1
30,38
27,1
36,34
1,2
2,3
38,20
31,33
20,25
2,1
28,27
28,2
38,28
0,27
2,35
30,0
2,1
24,23
22,31
38,1
35,40
2,0
1,20
1,2
33,1
29,1
35,32
34,23
1,1
0,28
29,33
1,1
32,1
1,0
0,30
43,28
1,28
24,35
1,33
0,26
0,38
1,25
0,0
35,26
1,33
37,1
30,33
43,24
0,0
0,0
3,1
25,3
30,29
22,0
24,0
29,1
2,24
2,1
2,25
24,18
24,0
0,30
0,30
32,31
0,27
0,27
24,36
38,0
39,24
38,32
30,24
33,21
0,1
34,25
35,42
36,31
0,25
38,0
3,1
32,30
0,33
1,28
0,26
30,42
1,0
1,2
0,1
1,2
37,1
40,0
0,26
3,0
0,24
40,1
36,32
0,41
1,33
0,23
1,32
2,22
1,2
26,26
3,0
1,35
28,2
25,38
2,0
25,1
32,31
27,35
29,42
36,0
36,1
24,31
26,35
1,1
43,30
0,24
2,31
0,3
33,36
31,22
0,24
25,2
1,0
28,2
36,1
1,23
27,33
0,0
1,2
0,25
34,0
0,32
0,3
2,31
31,1
1,0
1,1
2,33
0,27
23,1
31,32
31,1
1,29
1,35
2,0
0,19
0,1
1,0
42,0
1,29
40,27
1,22
0,0
1,1
1,26
22,41
23,2
2,37
31,29
32,25
1,1
0,3
38,1
30,31
2,35
2,21
31,26
0,0
0,0
26,33
38,39
2,2
2,2
0,0
0,1
27,26
0,1
46,0
0,1
0,2
32,25
1,23
32,46
20,25
29,36
33,0
38,37
0,32
1,37
1,0
45,0
3,1
1,0
0,0
27,36
0,1
32,2
1,0
0,39
28,1
0,3
35,44
35,31
1,30
3,34
24,2
0,1
0,28
1,1
2,37
1,1
1,0
41,1
1,23
2,0
24,0
30,1
27,2
27,18
31,2
1,1
1,23
1,29
0,3
0,0
29,0
17,38
1,0
36,31
1,0
41,30
42,0
1,25
32,1
40,2
36,33
1,38
1,2
0,29
2,19
1,31
0,31
39,29
23,0
2,23
36,3
26,35
31,2
0,0
21,1
1,1
1,30
1,1
28,32
0,31
31,1
1,0
2,29
28,1
1,34
32,0
35,45
2,1
33,0
35,2
1,4
34,43
1,27
1,42
33,33
1,36
1,21
22,1
34,35
1,2
32,27
0,0
31,33
3,38
4,35
2,24
0,0
27,31
32,28
25,4
36,33
41,28
1,31
36,27
0,0
1,24
23,1
26,2
23,41
0,0
0,4
28,0
2,2
26,0
1,0
0,1
3,0
31,2
28,29
1,0
29,22
1,33
1,1
36,1
0,35
0,0
0,35
33,0
1,25
30,0
3,23
18,2
0,28
0,1
1,0
32,2
1,0
3,1
0,26
2,1
0,29
23,32
1,1
37,30
0,31
28,36
43,0
39,32
1,23
2,23
0,2
0,1
1,1
1,37
31,1
32,26
33,31
0,0
34,20
1,30
18,3
27,1
21,25
1,3
28,37
0,1
27,28
1,1
1,0
2,1
0,21
1,1
26,42
31,35
1,33
0,0
25,26
37,1
1,1
32,25
20,0
34,22
34,27
34,36
28,2
0,30
0,24
1,34
39,32
26,29
0,1
35,1
0,36
37,26
1,27
46,2
34,0
24,38
0,28
27,27
0,33
0,0
17,0
31,32
25,1
19,31
23,23
29,39
1,32
26,21
31,1
1,0
26,1
1,27
25,41
0,1
0,23
3,5
1,34
1,0
0,29
30,20
2,34
0,27
1,34
0,1
24,35
30,1
1,38
1,26
30,1
0,0
35,1
0,34
25,3
29,2
31,32
2,24
29,1
0,31
32,1
0,13
1,31
42,1
2,25
23,39
29,30
26,31
1,2
0,26
0,0
35,1
0,2
0,33
41,0
32,31
2,33
0,3
31,0
0,1
31,30
1,31
1,20
0,1
29,0
33,23
32,24
1,0
0,23
22,1
33,1
32,35
1,25
17,26
2,30
26,0
31,1
1,31
1,0
40,4
28,1
28,34
34,0
3,41
0,1
0,29
1,27
2,33
0,3
1,27
35,1
35,29
0,30
1,33
1,0
0,20
23,0
1,2
41,34
29,1
37,22
22,1
34,0
31,2
37,0
0,21
37,28
0,36
3,1
33,23
1,0
1,1
37,0
2,1
30,32
22,0
19,1
0,26
37,1
0,1
33,0
41,0
25,25
1,34
3,1
31,1
0,31
0,27
1,2
33,32
0,35
0,0
3,1
0,1
16,25
1,0
1,1
1,0
26,26
32,0
0,0
2,27
35,3
42,38
0,2
32,35
2,25
0,19
34,1
1,34
29,28
1,40
32,36
0,0
2,32
32,29
1,0
28,32
32,1
31,0
2,36
1,32
2,30
30,26
2,0
29,0
41,36
0,34
3,23
18,0
35,31
43,1
32,25
29,30
33,32
35,26
0,29
1,0
1,28
31,1
32,27
21,0
42,28
0,41
26,18
2,3
35,28
1,27
36,0
27,1
1,1
1,34
46,33
1,0
0,1
2,37
22,30
38,22
34,0
33,0
3,21
1,0
33,28
1,1
0,0
33,21
0,38
32,29
30,1
1,24
0,24
29,33
33,43
33,25
33,10
33,23
1,29
0,19
0,36
38,29
40,21
26,0
29,1
26,35
32,0
40,0
1,27
1,34
34,0
39,23
0,1
18,1
28,0
35,1
21,31
32,4
1,38
30,34
1,28
1,1
37,28
31,34
29,1
27,18
2,41
1,29
36,2
1,19
0,29
1,0
