0,27
0,34
1,27
1,33
1,29
2,26
1,39
0,35
1,31
1,33
2,16
3,37
0,35
1,35
0,31
4,30
1,24
0,38
0,31
0,27
0,31
1,32
0,33
1,24
0,29
1,33
0,26
0,36
2,28
0,33
1,22
1,21
1,29
1,29
2,30
1,21
1,17
1,20
0,29
0,28
0,24
0,29
1,29
1,18
2,31
0,36
2,33
0,38
1,27
2,30
3,28
1,30
1,19
1,36
1,33
0,29
2,21
4,39
0,27
2,20
1,35
0,31
0,25
1,29
1,22
2,49
1,31
0,29
0,21
4,32
1,28
0,23
2,22
2,27
2,23
1,32
1,30
1,39
0,32
3,35
2,24
0,17
1,25
1,32
2,25
0,33
2,34
1,25
1,23
1,34
0,29
1,26
1,22
0,32
3,32
1,43
1,28
1,30
0,34
1,26
4,36
1,29
0,30
1,29
1,42
0,34
2,27
1,35
2,39
1,37
1,26
0,32
0,36
1,29
0,32
0,31
0,31
0,34
1,28
0,26
2,33
0,24
0,34
0,33
0,28
1,27
0,36
1,28
0,49
0,41
3,31
1,39
1,29
0,28
0,27
1,29
2,23
1,36
0,25
2,27
1,38
1,47
0,31
0,21
1,36
1,33
0,27
0,28
1,33
0,22
1,23
0,25
2,30
1,36
2,33
0,28
0,28
0,30
1,27
0,24
2,31
2,25
2,36
1,29
0,37
1,37
2,23
4,20
2,32
0,27
1,24
2,19
0,30
1,36
1,37
1,31
0,37
0,34
1,22
1,32
2,31
0,36
0,26
1,31
1,27
1,34
0,38
0,20
1,24
1,27
0,33
0,28
2,29
0,30
0,37
0,25
0,33
0,41
0,23
1,28
1,23
0,37
1,33
0,34
2,25
0,41
3,31
0,31
2,27
5,34
1,28
1,28
1,26
0,20
2,26
0,23
1,28
2,26
2,40
1,19
2,11
1,25
2,37
1,36
1,19
0,36
1,22
1,21
1,32
1,23
0,29
0,27
1,27
1,34
0,16
1,32
0,27
0,25
0,32
2,28
0,35
0,18
1,29
1,35
1,31
1,34
0,20
1,23
1,30
1,29
0,32
1,21
2,28
0,32
1,26
3,39
0,35
1,27
0,33
2,24
0,36
0,26
2,21
1,27
1,25
0,23
1,28
0,31
1,30
0,34
0,29
3,30
1,33
1,23
1,26
1,34
0,30
2,30
0,29
1,21
1,31
0,26
1,26
1,29
0,37
2,24
0,18
1,25
0,26
0,32
1,30
1,33
1,30
0,23
1,25
2,29
0,27
0,33
0,18
1,21
1,27
2,37
0,31
4,20
2,37
1,34
1,25
1,33
0,22
1,30
0,17
2,29
0,33
1,30
1,27
0,25
0,37
0,33
1,21
1,31
0,20
1,31
1,36
0,28
0,23
0,22
1,27
0,24
1,37
1,28
0,40
1,30
0,32
0,35
2,32
0,29
2,37
0,26
0,36
0,33
0,32
9,33
1,39
0,29
0,38
1,26
0,31
0,36
0,29
1,23
1,31
1,23
1,32
0,36
0,38
0,18
2,34
0,22
2,21
2,40
1,35
3,29
0,24
4,32
1,33
1,31
2,28
1,40
2,41
0,18
1,24
1,20
1,30
2,20
1,32
0,25
1,31
0,26
0,39
1,24
1,29
2,22
1,20
0,20
1,33
0,35
2,33
0,35
2,36
1,26
0,31
1,41
2,25
1,33
1,25
0,26
1,29
0,23
2,40
1,27
0,28
0,29
0,30
0,25
0,27
1,25
1,29
1,28
0,20
1,22
0,29
1,24
1,25
0,34
1,36
0,30
0,26
1,28
2,31
2,19
1,34
0,29
0,19
2,34
1,21
0,24
1,29
2,29
1,34
0,37
1,38
0,34
1,30
1,33
0,33
0,27
0,27
2,39
2,22
2,26
1,22
1,29
1,28
2,33
1,34
0,37
0,38
1,28
3,31
0,30
1,34
1,28
1,33
0,32
0,33
0,16
0,18
1,32
0,26
1,19
0,28
3,28
1,30
0,31
1,31
1,39
0,23
1,28
4,21
2,18
3,42
1,24
2,42
0,16
2,26
0,36
0,29
1,28
2,34
2,32
1,24
0,34
1,32
1,15
1,27
2,24
2,41
2,29
1,24
0,27
0,29
0,32
2,38
0,34
1,25
1,29
1,31
1,28
0,20
1,42
0,29
1,39
1,30
2,33
0,35
1,24
1,32
1,33
0,26
1,27
0,26
1,34
0,37
1,33
2,29
1,25
0,39
0,23
0,28
1,29
2,37
1,27
0,23
0,32
0,35
1,35
2,25
1,25
0,29
0,30
0,34
1,22
1,34
1,31
2,28
1,33
2,24
0,36
1,15
1,26
1,27
0,19
1,19
4,20
1,18
0,33
1,30
1,30
1,31
1,34
0,32
0,28
0,31
2,33
1,23
0,40
0,31
1,30
0,33
0,34
0,22
0,26
2,36
1,33
2,31
1,26
2,36
0,39
0,24
2,35
1,29
0,28
1,30
2,27
1,30
0,29
0,32
2,32
0,32
1,25
1,29
2,33
2,34
1,24
0,25
0,32
2,26
2,35
0,33
0,31
0,30
0,41
0,32
2,15
1,26
0,20
0,40
1,38
0,21
3,38
1,28
2,28
2,35
1,40
27,19
0,37
1,22
0,44
3,33
3,32
1,23
0,34
1,30
0,15
0,32
1,21
0,31
0,36
1,30
0,29
1,24
2,30
0,27
1,31
0,31
0,33
1,44
1,26
1,27
0,27
2,20
1,36
0,40
2,30
0,25
1,23
2,27
1,21
1,30
2,33
3,38
0,29
0,23
0,45
2,28
1,22
0,32
0,33
0,21
1,30
3,17
1,26
0,48
1,29
2,24
1,27
0,39
0,34
1,30
1,29
1,37
3,30
1,29
1,25
1,29
1,34
0,36
2,37
1,19
0,30
1,36
1,41
1,27
1,32
0,31
0,31
3,23
3,27
0,26
1,33
0,22
0,19
1,22
1,27
2,34
2,30
2,35
0,37
0,32
0,27
1,39
1,32
3,24
0,33
1,24
1,29
0,28
1,30
2,33
1,23
3,31
0,31
2,31
1,28
0,34
1,36
1,34
1,44
0,27
3,19
2,31
1,29
1,39
0,31
2,36
0,40
1,24
3,21
1,31
1,37
0,27
0,24
0,25
3,30
0,24
2,24
0,34
0,30
3,27
2,27
0,36
0,34
2,34
1,25
0,27
1,34
0,41
1,24
0,37
0,40
0,30
2,31
1,30
2,17
0,24
0,28
0,23
1,22
1,31
0,25
1,23
0,20
0,26
0,34
1,39
0,26
1,27
1,27
0,27
0,20
2,32
0,34
0,25
1,36
0,29
0,31
0,41
2,40
0,40
0,20
0,41
0,31
1,27
1,20
0,36
2,37
0,34
0,30
1,29
2,28
0,32
0,25
3,24
0,27
1,33
2,30
0,39
0,30
1,29
1,37
1,32
1,36
1,20
0,27
1,27
0,34
0,21
1,15
0,34
0,33
0,32
2,28
4,27
0,34
0,31
2,22
0,28
3,37
1,28
0,34
1,29
0,22
1,27
0,22
1,24
1,23
0,29
3,32
3,29
1,33
0,29
0,30
1,28
3,21
1,20
2,38
0,30
2,31
1,26
0,29
1,30
0,26
3,32
1,44
1,24
0,17
1,29
0,38
0,33
1,35
1,27
0,31
0,30
1,39
0,31
1,30
0,37
0,23
3,22
2,31
1,27
1,33
1,33
0,23
1,38
0,26
0,28
0,45
0,36
0,26
1,30
2,25
2,21
1,28
0,38
1,23
0,29
1,27
1,31
2,24
0,34
1,25
2,27
1,28
1,28
3,34
2,21
1,31
2,21
1,42
0,25
1,34
3,31
1,18
1,30
1,24
1,44
3,23
0,35
1,29
3,30
2,33
1,21
0,10
3,45
0,33
1,17
1,32
1,44
1,36
0,29
0,23
1,40
1,39
1,27
1,26
1,34
4,22
1,35
0,24
0,30
1,29
0,45
0,28
0,25
0,41
0,31
0,29
1,28
1,40
2,25
2,25
1,40
1,32
1,34
2,19
1,33
0,31
0,26
1,26
0,24
1,27
1,29
2,26
1,32
0,29
1,19
1,31
1,23
1,19
0,29
2,24
0,28
3,33
0,32
4,35
2,26
0,30
1,24
0,27
0,31
1,44
1,33
0,37
2,33
0,36
2,26
0,31
0,19
0,31
0,39
0,32
25,30
0,31
0,40
0,27
1,26
1,19
0,30
0,26
0,30
0,43
1,36
2,23
1,33
1,32
1,28
1,32
0,30
1,32
1,23
23,30
0,30
1,25
1,35
1,29
0,36
1,29
0,32
1,35
0,27
0,33
1,33
2,32
0,25
1,38
1,31
0,29
1,23
0,26
3,37
0,33
2,28
1,38
2,33
1,33
1,31
1,26
0,35
2,26
0,33
1,36
0,30
1,29
1,19
2,26
1,28
0,24
1,27
0,38
0,32
0,40
1,36
1,26
1,21
0,23
0,32
2,28
1,31
2,30
1,33
0,18
0,26
0,32
0,37
1,28
0,22
2,28
0,25
0,25
1,33
0,37
2,20
0,28
0,29
0,25
2,31
1,30
0,23
0,29
0,36
1,34
0,31
0,24
0,25
1,43
1,28
0,23
1,31
2,38
1,32
0,27
1,36
1,27
2,31
1,24
1,27
0,26
0,26
2,30
2,42
0,29
2,27
2,33
3,33
4,30
0,17
1,34
2,28
2,28
1,25
0,3
0,41
2,35
0,34
2,23
0,31
1,19
1,23
0,23
2,26
0,27
1,32
0,24
1,22
0,31
2,24
1,22
1,42
2,32
1,34
1,26
0,26
2,30
1,22
1,25
0,24
1,21
1,33
1,31
0,38
1,27
2,26
0,33
0,19
1,33
0,36
1,35
1,34
0,27
2,37
0,33
2,26
1,45
1,34
1,29
31,43
1,31
0,28
0,36
0,27
1,27
0,31
1,27
0,31
1,21
1,28
3,26
2,30
2,34
1,34
1,33
1,33
2,31
1,33
1,19
2,35
1,29
1,32
0,31
0,34
0,28
0,27
0,26
0,27
0,33
2,31
2,26
3,32
2,27
2,28
2,22
1,33
3,33
0,30
0,32
0,34
0,27
1,32
0,24
1,39
1,25
0,30
1,22
2,29
2,39
2,26
2,19
1,31
0,22
1,21
1,25
0,32
0,31
0,31
0,24
1,26
0,28
0,32
0,25
1,25
0,29
2,38
1,22
1,18
0,25
1,34
0,32
1,34
2,25
2,28
1,33
2,32
0,26
2,18
1,31
0,24
1,27
1,32
1,29
2,27
0,29
0,30
2,44
0,34
2,31
1,28
2,33
2,29
0,34
1,29
2,28
1,30
0,24
1,36
2,34
0,33
1,32
0,31
0,23
1,31
1,35
0,31
3,22
5,26
2,26
0,24
1,20
0,34
1,27
0,25
2,22
0,26
2,32
0,33
2,28
0,34
0,28
2,32
0,41
0,36
0,28
1,25
0,26
1,21
0,41
3,41
1,26
0,29
0,39
1,31
1,28
0,33
0,31
1,32
0,36
2,26
0,35
0,20
1,27
0,29
0,27
0,28
2,29
0,30
1,41
2,7
0,31
1,29
1,24
1,30
1,35
1,26
2,37
0,35
2,35
1,40
2,25
0,31
1,24
1,24
1,22
0,25
1,26
2,27
2,28
0,36
2,43
0,43
0,36
1,30
1,28
4,24
0,35
0,24
0,31
1,25
0,32
2,44
1,33
2,35
2,36
0,28
0,32
1,26
1,27
0,34
1,26
0,44
1,25
0,29
0,28
0,27
1,24
0,33
1,29
0,23
3,36
0,23
0,28
0,29
0,36
0,23
0,23
3,32
0,28
1,20
0,36
33,39
1,22
2,22
2,13
1,20
0,24
1,27
1,33
2,30
0,33
2,27
1,29
0,31
0,19
0,23
3,33
1,33
2,24
0,25
0,30
2,28
0,42
4,38
2,30
1,21
1,36
1,24
0,36
0,29
0,19
1,27
0,35
1,22
1,21
1,24
1,27
0,24
1,36
0,32
0,24
2,35
0,32
1,33
0,19
1,38
0,29
0,34
2,32
1,35
1,29
0,33
1,32
1,25
1,20
0,23
0,37
1,29
0,18
0,35
1,35
2,24
0,36
0,30
3,39
0,24
1,27
1,34
1,31
0,30
1,29
2,36
1,29
1,33
1,27
1,42
0,32
2,27
0,22
1,26
2,39
1,30
0,36
2,25
1,26
3,29
0,32
0,32
0,29
2,35
1,27
1,29
1,27
1,33
0,27
2,34
2,31
0,33
1,36
1,37
1,31
3,31
2,36
0,29
1,30
2,27
1,33
0,31
1,27
1,16
0,33
0,27
0,22
1,35
0,20
0,29
1,24
0,32
0,33
0,24
0,34
2,23
2,27
0,27
0,27
0,40
1,35
0,32
3,21
0,28
0,25
0,44
0,31
1,16
0,31
1,32
2,33
0,22
0,24
3,36
2,28
1,37
2,26
0,26
0,28
1,27
1,35
0,31
1,28
3,31
1,36
0,29
0,36
0,25
1,25
2,32
1,21
2,32
0,28
1,33
0,34
0,38
4,24
0,29
3,34
0,36
0,21
1,31
2,31
0,23
0,36
4,25
0,30
2,34
2,38
0,31
1,24
1,34
0,38
4,33
3,25
2,27
0,24
0,29
1,25
1,31
0,35
0,24
2,28
1,29
3,32
1,23
1,23
1,27
1,19
0,32
0,34
1,30
1,38
1,24
1,36
0,23
1,30
0,28
0,30
0,31
1,25
0,29
0,23
0,21
4,33
0,27
0,23
1,23
1,26
1,34
0,19
2,26
1,27
0,33
0,22
0,35
1,32
1,22
1,35
1,37
0,20
0,31
1,40
0,32
0,41
2,40
1,31
1,29
2,37
1,29
0,31
3,33
0,23
0,19
3,21
0,36
2,26
1,29
0,27
0,28
0,35
2,20
0,38
1,35
1,30
2,30
1,43
2,28
1,32
0,32
1,28
0,23
0,29
0,32
2,36
1,20
0,45
2,24
0,29
0,31
0,39
0,32
0,32
2,32
1,35
1,27
1,26
1,29
1,25
0,28
2,30
0,23
2,22
0,31
0,29
0,25
1,23
1,43
1,29
0,27
0,33
2,31
0,22
0,24
0,26
1,24
0,30
0,22
0,31
0,34
0,38
0,23
1,38
0,38
4,39
0,25
0,40
0,29
1,36
1,35
1,29
2,35
1,31
0,32
1,23
0,29
1,19
0,35
1,27
1,31
1,37
0,35
1,26
0,36
0,29
1,31
0,31
0,27
2,28
1,21
0,28
0,28
1,38
2,24
0,28
3,31
2,23
0,21
1,19
1,36
1,21
1,33
1,37
0,36
1,23
1,32
2,21
2,27
1,32
1,35
0,25
1,24
1,36
0,28
1,31
0,24
0,33
0,14
0,32
1,28
0,33
1,26
1,27
0,29
0,25
0,37
0,31
1,27
0,34
1,28
2,19
0,33
1,34
3,33
2,23
2,25
3,29
0,21
1,33
2,36
0,22
3,26
2,28
4,36
3,21
1,32
0,32
0,33
3,23
2,32
0,37
0,29
0,41
1,26
0,28
1,29
1,29
1,33
1,29
2,29
0,32
0,24
1,38
1,19
2,34
0,21
16,25
0,31
1,25
1,28
0,29
1,21
0,31
0,35
1,35
0,22
0,38
1,37
1,25
1,29
0,24
1,37
0,30
0,33
0,31
0,29
1,29
0,29
3,26
0,30
0,17
0,28
1,32
0,41
0,28
1,29
1,28
2,29
1,32
1,25
1,36
0,29
0,29
3,26
1,27
1,32
0,24
0,28
1,28
0,27
1,20
0,28
1,30
2,33
0,25
1,35
1,14
1,39
0,32
0,18
0,24
0,21
2,26
1,23
0,35
1,38
1,34
0,33
3,31
1,25
0,23
0,21
2,33
0,34
2,31
3,21
1,31
3,24
1,28
4,30
0,28
1,23
0,37
1,38
1,27
1,24
1,42
1,37
1,27
0,25
0,31
1,26
1,36
1,29
1,30
0,38
0,34
3,25
2,31
3,26
0,25
0,17
0,32
1,23
0,28
0,32
1,35
2,30
0,30
1,40
3,26
0,30
0,27
3,19
1,29
0,32
1,27
1,33
2,19
1,33
3,32
1,29
2,24
3,43
2,22
1,21
1,30
1,27
1,28
0,27
1,27
1,32
1,24
1,29
0,23
0,38
0,31
2,33
1,26
0,37
1,29
1,36
1,24
0,24
0,29
2,35
1,30
0,35
1,38
0,23
1,23
2,24
1,21
0,31
0,22
1,27
0,29
1,41
1,32
3,37
1,33
2,28
1,21
0,33
0,32
0,25
0,23
0,24
2,26
1,31
2,35
0,30
2,27
0,25
0,32
0,26
0,32
1,18
1,28
2,38
0,30
1,32
0,21
0,35
1,37
0,31
4,30
0,23
0,32
0,33
0,17
1,38
2,27
1,19
2,36
0,29
3,39
0,33
0,38
0,26
2,38
0,30
0,24
1,28
2,31
1,37
2,23
1,23
0,33
1,25
0,19
1,38
2,29
1,35
0,27
1,32
0,25
0,40
1,24
1,29
2,27
3,19
1,33
0,32
5,29
1,25
0,26
0,28
0,25
0,33
0,23
0,27
0,25
0,33
2,33
0,28
0,21
3,37
1,26
1,36
0,23
1,27
1,27
0,25
0,25
0,30
0,23
0,24
0,27
0,31
0,30
2,25
4,29
0,24
2,35
0,34
1,28
1,25
0,32
0,21
1,28
1,26
1,34
2,27
1,38
0,35
0,40
0,36
0,30
0,26
0,34
0,27
0,29
1,33
1,28
1,32
2,35
2,30
0,28
0,39
3,27
0,20
1,36
0,31
1,19
3,26
1,29
0,33
0,36
0,31
3,25
0,35
0,29
1,28
1,40
3,35
1,25
1,35
3,35
0,29
0,29
0,27
2,19
1,29
1,27
1,22
3,30
0,40
0,34
0,32
0,32
1,34
1,30
0,31
2,31
2,25
0,28
0,32
3,27
1,32
2,37
0,35
0,37
3,36
2,39
1,39
0,35
0,36
0,31
0,26
3,30
1,19
2,26
1,30
1,30
0,26
0,30
1,30
5,31
0,26
0,24
2,32
1,24
1,39
1,31
1,27
0,27
0,30
0,29
1,23
3,29
0,29
1,32
3,14
2,31
1,28
0,38
2,42
0,35
0,19
0,32
0,32
1,24
2,28
1,28
1,40
2,37
2,33
1,34
1,35
1,36
0,19
0,24
0,22
0,35
1,24
1,35
1,24
2,49
1,26
4,27
0,24
0,31
2,38
2,27
0,29
2,38
0,26
0,38
0,30
1,33
1,30
1,24
2,30
1,28
1,26
1,25
1,22
0,33
0,36
1,28
0,35
1,14
0,37
1,38
1,38
1,29
1,32
2,24
0,35
1,28
2,29
0,25
1,35
0,20
0,27
2,30
0,29
2,29
1,29
1,35
1,31
1,35
0,32
2,34
0,23
0,40
1,19
3,25
0,42
1,34
2,18
2,29
1,33
0,35
0,33
1,29
1,23
1,38
0,27
1,25
0,31
0,31
2,30
0,40
0,27
0,32
1,40
2,29
0,23
1,23
0,27
0,31
2,24
2,20
0,20
0,32
0,43
1,20
1,31
0,40
1,28
1,33
1,30
2,28
0,29
1,26
2,30
1,28
0,34
0,32
0,27
1,35
1,30
0,27
2,33
1,25
2,41
0,32
2,27
0,38
0,32
0,28
1,26
2,34
2,26
2,31
1,26
1,31
1,28
0,31
0,40
3,35
0,32
1,24
2,27
1,19
0,34
1,27
0,23
2,38
1,27
1,32
0,35
1,20
2,38
2,32
0,41
0,24
0,32
2,28
1,39
1,34
0,38
0,0
2,32
0,39
2,29
1,26
0,35
0,22
0,25
0,28
2,33
2,31
1,24
2,36
2,28
1,24
0,28
1,31
2,29
2,25
0,22
0,23
1,20
0,29
0,25
0,34
0,38
0,30
0,33
1,29
1,28
1,22
1,39
1,29
1,36
1,28
2,32
1,32
0,32
0,37
1,30
2,22
1,24
0,29
0,33
1,39
2,32
0,25
3,18
0,29
1,30
0,31
0,29
0,27
2,32
0,29
0,30
0,26
1,29
0,26
1,34
2,29
2,25
1,31
0,30
1,33
2,24
1,47
1,29
0,39
0,24
0,33
0,44
1,34
0,29
2,29
0,26
2,33
2,35
1,30
0,21
0,22
2,22
0,31
0,36
2,39
2,26
1,23
1,43
1,32
2,31
1,26
4,23
2,31
1,34
1,36
0,39
0,37
2,43
1,33
0,34
1,33
0,33
2,33
1,28
1,35
0,26
0,28
0,25
0,34
1,19
3,23
1,51
1,30
1,29
1,26
1,26
0,30
1,32
0,24
1,31
0,25
1,26
1,38
0,29
1,20
1,42
2,31
0,22
1,27
1,27
0,25
0,23
1,25
1,21
0,37
2,24
0,33
0,24
2,25
1,30
1,28
2,29
2,30
0,38
2,39
1,28
1,39
1,33
0,33
1,25
1,26
1,31
0,32
1,31
2,31
1,24
0,26
0,27
0,23
2,23
0,35
1,23
2,35
1,28
2,31
1,37
1,32
0,23
0,32
2,33
0,22
1,30
1,26
2,32
0,32
0,25
2,26
1,24
2,35
1,38
0,26
1,27
3,29
0,38
0,24
2,37
2,28
0,26
2,34
1,22
1,27
0,31
1,36
1,21
0,25
1,37
4,38
1,41
0,34
0,34
2,40
1,25
0,24
1,26
0,31
0,31
3,31
0,30
1,24
2,25
0,31
1,38
0,21
0,34
0,39
0,33
1,31
0,29
0,37
1,17
2,30
0,18
2,33
0,39
0,38
0,42
1,41
0,35
0,28
1,43
3,30
0,31
1,35
0,29
1,36
0,33
3,39
1,32
0,28
0,26
1,33
0,28
2,31
1,24
0,32
1,35
1,35
2,28
1,34
0,20
0,49
4,36
0,29
2,30
0,27
3,30
1,30
2,37
3,38
1,27
1,27
2,26
1,20
1,31
1,33
1,28
1,30
0,33
1,24
1,33
0,34
0,34
0,39
0,30
0,35
0,30
2,28
0,31
1,28
1,23
0,28
2,39
3,30
2,17
1,26
0,19
0,38
4,41
1,28
0,25
3,34
1,22
2,41
2,30
0,32
0,31
3,21
0,22
1,40
0,41
2,32
1,20
2,24
1,28
0,36
1,31
0,28
1,30
22,35
1,23
1,36
1,26
0,27
0,32
0,31
1,24
3,31
1,17
1,35
1,25
1,25
4,27
4,27
1,28
3,29
2,22
0,25
0,29
2,35
2,24
1,22
1,24
0,31
1,23
0,18
0,24
0,33
3,39
3,26
0,29
1,30
0,22
0,37
0,30
1,36
0,18
1,30
1,29
0,36
0,27
0,32
1,22
2,43
0,28
1,32
1,32
2,26
27,27
3,32
1,37
2,36
1,29
4,27
0,29
0,41
0,17
3,26
0,43
0,23
1,36
0,24
0,26
0,34
2,34
1,41
0,40
2,32
0,33
1,36
0,27
1,22
0,28
0,26
0,33
0,26
1,36
0,33
2,30
0,18
0,34
3,31
1,30
1,26
0,34
2,26
3,47
0,45
1,36
2,33
3,33
2,22
1,27
0,35
0,25
3,34
1,22
0,28
1,33
0,29
1,24
0,27
0,32
0,44
0,43
1,27
2,31
1,16
1,21
1,27
2,32
0,27
0,34
0,31
1,35
3,34
1,25
0,23
0,23
2,21
0,28
1,36
1,22
0,28
0,21
1,24
0,22
0,31
1,38
3,29
1,38
0,34
2,35
1,25
2,32
0,36
0,20
0,14
1,34
1,25
0,25
1,36
0,31
0,22
2,27
0,35
2,38
1,22
0,29
2,31
0,28
2,31
0,40
3,20
2,23
0,28
1,34
1,34
0,36
1,29
2,36
0,27
0,27
2,44
0,19
1,29
0,26
1,46
1,32
1,32
2,31
1,29
2,29
1,33
1,32
1,29
0,43
3,31
0,27
0,36
1,27
1,28
2,26
1,36
1,29
4,20
0,27
1,32
1,28
2,25
2,31
1,31
2,21
0,29
1,30
1,25
2,32
2,29
1,36
1,26
2,23
0,37
1,35
1,42
2,23
2,33
1,37
0,29
2,32
0,22
1,44
2,30
3,29
0,24
2,20
0,37
1,32
0,33
1,30
1,28
1,38
1,35
2,34
2,31
1,26
1,22
0,30
0,37
0,32
2,28
4,31
0,36
1,27
1,38
0,21
2,25
3,34
0,20
0,22
2,35
0,29
0,31
0,22
0,39
0,43
0,26
0,33
2,26
0,46
1,33
0,38
0,21
0,33
1,24
2,19
2,31
3,34
1,36
0,25
0,28
0,38
1,27
2,25
0,26
1,28
1,28
1,22
2,20
1,28
1,24
0,25
1,34
1,31
1,22
0,32
0,36
0,22
0,32
1,31
1,29
0,29
1,27
1,32
0,33
0,27
1,25
0,27
1,30
0,34
0,35
5,22
0,35
1,33
0,27
1,27
0,23
0,30
2,26
0,32
2,31
3,30
0,31
2,24
1,27
3,34
1,34
2,33
1,25
0,33
1,34
1,28
4,23
2,27
1,21
1,28
0,42
0,22
1,28
3,25
1,29
0,26
1,25
1,23
1,25
2,27
0,29
2,31
1,30
2,44
0,24
0,24
3,27
0,31
0,31
0,33
0,27
0,24
3,21
1,32
0,37
0,28
2,37
0,29
0,41
1,35
2,40
3,27
0,17
1,29
1,27
0,29
0,34
2,26
1,32
1,24
0,24
1,28
0,27
0,21
0,39
0,30
3,24
3,12
0,43
1,30
1,28
1,20
1,35
0,35
0,29
3,26
1,36
1,21
0,24
0,23
2,34
1,27
0,32
0,18
0,12
1,30
1,32
0,24
0,24
1,38
0,28
1,41
1,34
0,22
2,30
4,40
0,23
2,33
0,32
0,31
4,23
0,25
1,30
2,27
0,23
0,28
1,25
37,30
0,18
0,33
1,40
1,34
3,36
0,41
1,30
0,29
3,37
0,39
1,32
0,41
1,31
1,25
0,43
0,29
0,36
1,33
0,33
0,26
0,32
1,40
1,31
0,41
1,34
1,20
0,31
2,28
0,25
1,30
0,22
0,27
0,31
0,31
3,35
0,23
1,31
2,41
2,17
2,42
3,26
1,22
1,34
1,28
2,26
2,28
0,28
1,26
1,33
2,37
0,27
0,28
0,22
1,35
0,33
0,20
1,29
1,38
1,37
0,29
0,25
4,23
1,35
0,37
1,33
1,34
1,17
0,25
1,40
1,44
2,33
1,27
0,34
1,32
0,40
2,37
0,27
0,33
1,35
1,30
0,30
1,35
0,15
1,34
4,44
0,21
1,36
0,23
0,26
2,22
1,27
0,29
2,36
1,34
2,28
2,32
2,28
2,30
1,33
2,31
2,28
1,26
0,17
0,31
1,33
0,28
1,29
0,28
1,38
1,34
0,38
0,30
0,34
0,31
0,35
0,33
0,30
5,23
0,27
0,31
0,27
0,32
2,35
0,32
0,36
2,33
1,33
1,29
0,27
0,32
1,37
2,27
0,27
0,36
0,34
1,38
1,30
1,29
2,29
0,29
0,31
1,28
3,29
1,31
0,24
0,21
0,35
1,31
0,27
2,25
2,28
0,33
3,28
3,23
1,33
0,25
0,34
0,22
2,30
1,35
3,24
1,40
2,22
0,45
0,28
0,35
0,30
0,34
0,33
0,33
2,31
0,32
1,38
0,28
3,30
1,49
2,29
1,23
1,33
0,23
2,24
1,30
1,26
1,24
1,18
1,35
2,29
0,37
0,35
1,35
2,24
0,22
1,26
2,20
1,35
0,26
0,33
4,38
0,37
0,20
2,30
1,27
0,28
0,36
1,22
0,24
0,30
0,26
3,29
1,31
2,24
0,39
1,27
2,21
0,29
1,18
1,36
0,38
3,30
1,38
0,32
0,31
3,33
0,29
0,33
1,35
0,31
1,36
2,32
3,25
1,23
1,28
0,29
0,44
0,26
1,21
2,29
1,33
1,26
1,42
2,34
0,22
1,26
1,37
0,24
3,28
3,37
1,31
0,31
2,37
2,29
0,39
0,32
1,29
1,38
0,38
0,21
3,25
2,37
0,29
0,23
1,29
2,25
1,37
1,35
2,28
4,32
1,37
1,27
1,21
4,28
2,21
2,23
0,27
0,29
1,38
0,26
1,34
2,26
1,33
0,25
0,32
1,36
1,28
2,34
2,32
2,24
1,39
0,32
1,35
1,33
2,33
1,34
0,30
2,32
0,31
1,30
0,34
0,28
2,32
2,34
1,24
0,28
3,22
0,34
3,42
1,35
0,39
0,22
0,23
2,27
3,32
0,19
0,30
0,10
0,32
0,23
0,27
1,30
3,7
2,28
1,35
1,40
0,25
0,36
0,37
0,21
0,18
1,36
0,34
1,40
1,26
0,27
2,32
2,32
1,36
1,27
0,27
0,19
1,39
2,31
2,27
1,15
0,25
2,28
0,33
2,30
1,36
0,26
1,33
1,30
0,30
0,20
3,32
1,34
1,25
0,26
1,19
0,34
1,28
3,30
1,29
0,26
1,31
0,32
2,36
1,33
0,30
0,30
1,27
1,36
1,29
1,37
1,27
0,29
1,26
1,28
2,20
1,27
0,48
0,25
1,30
2,35
1,28
1,22
3,27
0,38
2,41
1,26
4,18
2,27
1,30
0,29
1,35
2,33
2,31
13,38
1,37
0,25
0,35
0,32
1,29
0,23
31,31
0,28
0,24
1,29
0,36
1,31
0,33
1,23
1,25
0,36
0,37
0,38
3,35
0,36
2,26
0,32
0,37
2,35
1,28
0,23
3,19
1,34
1,23
0,23
0,34
1,36
0,24
0,34
2,30
1,24
2,24
1,27
0,42
1,33
1,31
2,28
0,36
2,25
0,28
1,30
0,39
0,33
0,29
0,29
1,30
2,31
27,37
0,27
0,32
2,41
1,21
0,27
2,34
1,23
0,27
2,27
2,47
3,18
0,26
1,35
1,26
0,40
0,32
0,32
1,30
0,32
1,35
0,23
2,36
2,22
3,29
0,36
0,36
1,27
1,30
1,38
1,28
1,19
0,27
0,35
1,30
0,36
0,34
0,28
1,28
0,17
2,26
1,29
1,29
2,34
1,31
0,34
2,44
0,28
0,27
1,26
1,27
1,31
30,26
0,26
2,35
0,31
1,22
0,39
0,35
3,21
2,27
1,31
1,41
1,30
1,35
1,39
2,21
1,24
2,29
0,33
1,38
2,24
1,21
0,38
0,32
0,32
1,35
0,22
1,23
2,33
1,30
1,36
2,26
0,32
0,26
0,48
0,29
0,28
1,34
0,24
1,45
0,41
1,32
0,38
2,32
0,38
0,21
1,19
1,29
1,50
0,33
0,24
1,22
2,40
1,35
1,33
1,27
1,24
1,22
0,33
0,27
2,31
1,27
0,29
0,30
0,26
0,31
2,37
4,23
1,24
1,19
0,27
0,22
0,25
1,34
0,36
1,26
1,34
0,26
0,35
0,24
0,28
1,24
0,35
1,36
2,32
1,23
1,33
1,28
0,28
1,26
3,32
0,28
0,38
1,21
3,34
0,31
1,26
2,27
0,32
0,22
2,22
0,40
1,29
1,26
2,29
1,25
2,41
0,35
1,22
1,26
1,28
0,28
1,26
2,28
0,27
0,29
0,31
2,29
1,33
1,31
2,44
1,27
2,26
