37,24
36,35
32,25
37,27
34,31
32,32
36,22
35,35
34,22
32,32
32,31
36,22
39,30
30,25
42,19
38,18
40,25
32,40
40,29
18,30
17,31
31,28
22,31
37,33
36,23
30,31
32,18
39,24
26,31
24,26
41,29
23,24
34,25
23,30
27,30
28,34
39,28
36,19
25,35
29,37
33,28
28,31
35,33
38,38
29,35
30,27
32,37
29,32
28,32
28,33
28,34
40,29
29,39
28,30
25,43
23,18
33,19
31,20
27,23
29,37
32,20
33,33
35,22
38,32
25,27
34,40
30,39
31,23
31,33
26,32
22,23
23,37
38,23
36,26
33,27
23,30
28,31
38,22
27,34
40,21
23,24
31,43
39,23
34,29
35,18
27,27
22,18
33,25
29,33
29,34
33,32
28,34
29,26
30,39
25,28
29,21
39,23
39,34
29,23
36,22
27,29
30,23
27,25
30,30
31,33
31,37
25,28
35,26
30,36
21,15
32,22
31,25
32,29
23,34
27,35
16,29
36,19
24,31
21,30
23,36
31,25
28,33
30,34
22,29
21,28
38,10
27,30
40,36
33,36
33,38
33,29
40,33
29,27
36,28
39,33
33,25
33,27
31,29
36,36
36,33
31,32
27,27
31,42
30,28
29,34
32,30
38,39
34,18
41,41
33,36
32,25
22,20
24,32
34,20
24,24
37,21
37,18
30,26
25,33
32,47
35,29
33,27
29,31
24,31
30,23
18,25
40,24
40,33
24,29
31,33
33,22
28,18
29,36
44,27
32,29
34,27
30,31
31,30
30,37
31,27
23,33
19,41
33,37
20,31
32,47
20,30
33,36
31,31
42,22
40,33
29,23
21,33
23,24
35,30
30,26
33,24
18,29
32,33
34,24
25,31
36,29
37,29
38,33
37,22
30,38
32,28
34,28
35,33
33,29
21,29
29,32
37,34
17,26
41,32
27,32
21,25
40,28
25,31
37,38
27,37
34,30
35,29
30,31
20,33
21,37
30,29
31,33
32,27
39,29
30,24
25,23
23,40
33,35
29,35
37,28
44,31
27,26
27,29
25,21
31,29
35,42
27,35
30,24
25,37
23,34
36,28
25,24
30,27
30,27
34,34
33,20
30,26
46,24
34,31
39,33
28,31
22,29
34,27
29,28
25,28
37,31
34,27
16,28
37,35
25,20
28,32
26,41
27,30
31,31
33,35
36,34
22,27
39,28
29,26
37,34
32,36
32,37
32,30
38,16
32,21
38,28
42,35
31,33
27,35
30,33
35,24
27,29
39,34
25,29
25,31
28,40
40,26
27,27
28,26
41,25
28,28
44,38
29,43
33,28
33,31
28,30
23,32
28,31
30,31
37,30
28,29
25,33
25,37
24,23
25,26
29,33
28,27
29,27
37,28
25,20
33,29
31,29
38,32
31,33
21,32
27,34
29,31
34,30
25,38
37,31
13,35
29,29
28,37
27,20
24,28
30,28
40,25
38,37
30,25
35,23
29,32
19,23
24,35
43,20
23,30
30,32
32,22
33,23
23,29
27,26
29,23
30,30
21,35
18,30
26,30
23,21
34,22
25,26
20,28
25,28
32,28
26,26
35,15
23,16
28,38
23,17
21,34
29,33
35,30
42,29
39,24
38,30
31,23
35,31
34,32
35,30
35,26
34,34
31,37
34,31
30,14
26,32
19,25
26,22
22,31
26,27
29,36
23,22
22,23
33,31
33,28
27,20
34,44
36,33
26,36
31,27
31,24
26,28
24,24
29,29
34,40
32,17
43,34
36,29
34,24
26,25
35,30
38,32
20,32
30,32
34,32
28,37
41,34
33,27
25,29
36,39
31,29
32,32
17,37
33,21
34,32
24,36
27,20
33,27
32,43
27,28
34,37
38,24
29,34
34,27
28,36
28,37
31,22
28,32
35,28
44,30
29,26
29,39
36,33
28,38
26,25
37,39
39,26
31,30
23,28
28,34
26,23
32,29
31,29
32,39
31,31
29,30
31,22
27,31
40,26
16,38
21,31
29,26
29,27
17,38
28,32
35,23
22,22
31,35
39,29
32,40
28,35
36,27
34,32
29,27
34,38
31,39
39,32
42,29
24,28
24,23
29,16
29,33
28,38
27,25
28,26
31,29
28,43
30,22
22,30
28,41
36,30
36,31
25,36
29,32
32,24
24,25
21,32
28,31
24,31
27,28
44,23
33,22
30,27
29,23
23,22
30,36
24,20
39,32
36,34
33,21
35,27
24,31
27,24
36,26
34,39
24,30
39,36
27,30
27,26
39,27
31,30
21,38
22,22
24,35
23,30
34,36
41,29
36,32
38,35
31,30
28,34
25,38
37,27
35,23
35,27
39,24
23,38
27,41
35,41
23,27
32,29
34,29
32,25
31,36
22,26
35,23
27,29
31,32
35,24
25,35
33,25
36,32
32,18
34,25
37,33
24,27
30,31
40,29
32,25
21,26
33,29
26,36
36,34
22,29
40,39
26,33
19,24
28,26
31,18
25,38
34,30
33,38
30,28
29,32
33,39
31,41
35,36
35,32
31,27
22,41
35,30
25,32
33,30
32,26
26,35
39,35
36,32
33,34
27,21
32,35
22,29
37,22
30,20
26,32
30,28
30,34
35,35
18,30
30,31
10,36
29,36
27,38
33,27
29,29
34,31
36,25
35,23
33,24
46,18
32,36
29,38
38,37
30,16
37,29
27,49
35,34
30,27
25,24
31,15
22,35
45,28
31,27
35,22
29,36
31,27
37,31
35,17
34,34
33,30
20,45
38,22
26,31
24,28
35,28
36,23
20,38
21,32
29,34
22,25
35,32
25,39
24,31
27,29
44,32
25,35
39,29
23,26
33,29
25,28
26,28
24,31
32,28
29,24
36,26
34,33
34,26
34,28
32,33
23,31
30,28
38,26
22,30
29,30
34,33
29,27
35,27
32,27
27,23
29,35
26,31
41,34
27,36
33,30
36,28
25,24
30,30
25,26
29,34
25,40
33,19
39,29
29,37
31,21
24,40
36,23
23,31
25,23
24,28
40,25
28,31
30,29
28,34
28,27
40,24
26,38
45,26
30,27
31,40
27,20
36,34
32,33
30,28
36,30
20,23
33,35
33,33
38,27
30,28
29,33
30,26
25,22
39,33
27,34
33,30
41,26
23,20
28,24
35,35
35,33
34,33
39,29
23,34
27,25
29,31
20,24
31,26
26,40
33,34
27,27
31,42
34,27
36,31
28,32
29,26
36,23
26,32
44,31
31,20
38,29
28,26
43,23
26,39
25,29
29,24
30,27
33,25
29,33
25,28
35,29
22,31
32,38
34,13
35,31
26,33
30,38
20,28
33,20
35,45
25,37
28,19
32,21
27,31
39,29
35,30
19,30
30,25
34,28
31,30
27,32
21,32
26,30
40,25
31,32
35,31
30,22
48,39
26,28
33,34
23,35
31,24
29,27
24,24
22,28
37,25
37,31
21,31
26,15
33,27
29,30
27,29
32,23
33,24
31,32
33,28
31,21
23,34
39,29
30,28
35,29
32,27
40,35
37,21
27,28
37,32
28,27
34,33
25,37
33,26
30,31
23,31
27,24
22,37
35,35
34,33
27,41
31,33
26,22
34,36
31,22
32,27
33,29
33,25
28,27
31,31
24,35
41,31
24,19
31,29
28,23
32,28
32,25
21,25
25,33
28,41
28,23
32,32
40,20
23,23
36,34
33,31
17,40
38,25
36,26
35,29
34,24
26,31
20,39
30,28
23,39
32,29
28,21
27,25
33,30
23,23
26,26
40,33
36,29
31,32
28,28
25,30
26,20
32,37
25,27
33,27
28,25
25,33
33,38
37,32
31,29
47,31
29,34
31,37
27,14
29,41
32,38
24,21
40,32
33,37
29,28
34,34
30,25
30,20
31,31
50,27
36,27
35,40
29,37
37,21
30,33
27,32
27,40
28,21
40,43
45,34
34,29
29,24
25,35
23,30
22,36
31,33
29,21
39,28
32,28
31,34
43,32
34,31
36,30
32,22
39,21
35,28
38,34
36,34
30,35
37,25
31,26
33,36
30,33
40,39
25,27
32,23
30,18
32,35
34,35
28,36
33,22
38,31
29,30
33,40
30,22
28,36
26,29
23,23
30,34
16,32
35,30
35,28
27,29
25,29
39,32
35,26
24,25
23,37
40,37
33,28
20,32
45,32
34,29
40,31
34,39
45,36
31,27
27,32
30,29
27,23
27,22
31,33
24,41
26,36
36,24
28,37
22,22
27,30
31,30
37,41
37,35
36,37
42,40
36,36
31,25
39,19
25,30
30,21
34,39
28,36
24,24
30,19
30,36
28,29
30,29
26,28
35,35
31,28
27,36
26,20
37,21
27,25
29,21
44,32
20,38
31,31
32,36
35,35
25,27
45,35
33,26
36,40
37,25
32,28
33,37
40,21
41,25
42,27
30,33
31,30
21,25
36,33
34,32
32,25
36,31
28,29
35,35
31,31
29,44
27,27
27,22
39,29
34,36
31,41
33,20
31,25
28,32
31,17
21,32
33,36
32,30
25,37
31,17
24,29
27,28
39,29
32,24
32,29
33,24
28,31
27,29
33,25
21,43
26,26
29,28
25,25
29,26
26,21
30,34
36,25
32,13
34,18
27,40
34,29
31,40
30,38
39,27
28,29
33,30
41,25
38,27
36,23
26,40
28,31
34,27
25,31
23,26
26,33
36,37
30,28
38,32
36,29
28,30
22,31
31,24
19,27
38,34
33,31
27,19
28,24
28,32
39,33
26,31
31,40
39,34
35,30
16,25
25,30
32,22
38,33
43,33
26,28
24,38
21,20
36,25
28,34
39,28
27,32
40,31
29,35
30,39
36,25
37,17
33,38
27,43
25,32
30,32
29,27
23,32
39,28
30,31
31,34
25,29
32,33
30,29
32,35
27,24
26,22
31,21
31,33
35,24
36,27
27,29
29,27
37,32
30,34
39,30
20,19
41,38
28,30
32,32
33,24
37,25
22,24
29,18
23,27
32,34
38,32
32,27
29,18
33,39
30,19
26,22
23,28
29,32
23,38
39,29
21,33
31,31
33,36
35,25
40,28
27,30
25,28
26,33
38,35
24,27
36,26
19,25
36,30
39,23
36,29
19,35
30,30
29,22
22,38
24,22
30,22
25,31
30,34
34,32
36,39
28,38
21,23
29,33
34,33
29,31
27,27
41,28
23,33
24,32
23,31
33,25
32,39
25,30
45,27
33,28
30,24
26,23
31,40
30,35
26,27
27,34
30,33
36,26
27,32
31,35
26,34
32,24
28,25
31,33
30,31
33,30
38,37
32,27
38,36
30,33
16,24
32,34
28,24
24,34
45,36
33,27
35,33
28,33
31,30
37,31
22,29
33,44
39,28
35,34
32,36
30,33
27,24
29,45
27,34
35,31
23,31
31,24
16,49
22,38
35,29
28,40
38,34
33,29
41,23
30,35
23,30
25,18
30,28
30,20
22,38
28,31
28,25
29,37
28,35
35,24
27,28
33,38
28,26
27,37
24,27
20,27
31,32
18,32
28,25
27,30
36,24
33,34
32,33
38,35
26,32
32,26
34,28
29,21
35,21
28,30
31,28
35,33
33,31
19,36
22,28
25,32
33,27
42,30
26,34
33,37
37,31
21,27
34,26
41,35
36,26
32,21
21,35
33,23
25,33
33,33
31,41
38,36
26,24
36,30
33,30
23,36
27,23
34,27
26,29
42,15
32,27
21,25
32,27
27,27
31,43
21,34
41,37
23,33
31,35
31,24
29,20
38,33
28,31
35,29
26,36
25,25
27,30
25,24
42,39
35,34
37,24
29,24
41,30
29,38
34,24
34,27
23,30
30,28
36,25
33,32
31,30
31,30
28,29
37,29
34,36
37,25
22,39
31,21
27,28
32,35
25,26
30,25
33,31
36,22
33,34
33,38
29,28
30,31
26,36
28,34
24,28
30,34
43,26
35,29
25,31
35,25
30,19
38,22
39,29
28,35
36,24
17,37
25,20
28,28
36,31
19,25
30,34
28,20
28,32
35,29
39,26
28,25
25,34
40,27
33,26
26,28
34,34
23,36
35,27
39,43
23,33
26,23
29,38
30,32
29,23
34,36
28,27
36,31
51,29
37,37
20,36
24,42
32,26
28,32
34,21
32,27
29,33
39,34
30,39
36,33
25,21
24,35
29,25
32,39
30,21
27,30
35,23
29,19
38,22
13,24
32,19
32,35
36,27
25,31
33,22
28,27
27,30
36,32
35,32
25,34
27,31
27,23
34,39
33,33
21,30
33,30
22,37
34,35
42,31
35,29
30,27
30,26
28,27
26,33
32,32
26,33
34,43
28,30
32,31
29,24
40,20
32,30
30,32
28,31
35,27
39,29
29,28
32,33
24,26
27,26
26,19
28,33
31,35
29,26
43,19
36,30
29,26
31,33
38,28
35,31
25,25
31,18
31,33
29,27
30,36
22,27
27,30
37,22
22,32
31,37
31,20
31,20
29,23
45,27
30,27
23,26
36,17
36,38
42,26
31,26
36,29
30,30
27,28
31,29
29,38
32,28
37,31
34,26
33,32
38,25
32,27
25,34
26,22
33,36
23,38
25,28
29,31
27,34
27,23
24,24
24,34
33,34
34,33
26,25
41,24
27,21
42,29
29,25
28,34
37,39
23,26
31,24
34,30
29,30
33,24
29,33
20,47
42,28
31,35
29,25
39,33
35,24
19,35
24,31
30,35
35,38
15,26
28,27
36,20
32,33
32,30
24,35
32,25
25,31
30,39
28,19
33,22
34,28
28,29
36,39
38,32
28,27
32,28
40,30
23,37
29,32
17,27
36,32
22,32
43,31
34,38
34,29
35,29
29,30
35,30
25,26
32,32
34,33
33,28
24,19
26,33
31,25
34,33
26,29
44,19
25,28
34,36
31,27
48,36
36,16
40,29
31,32
26,34
44,34
26,36
27,25
42,37
37,41
21,32
32,27
40,34
35,29
19,25
26,26
33,23
34,19
22,25
40,31
22,33
29,34
40,25
26,32
29,22
25,24
32,34
34,36
33,33
34,18
32,40
25,23
22,35
29,26
20,22
25,29
34,23
34,29
27,19
26,34
33,38
35,29
24,24
27,30
20,25
39,31
26,33
30,38
26,33
27,33
42,36
41,30
24,33
28,31
27,32
30,35
27,24
40,28
30,29
28,23
31,37
35,29
33,26
40,32
25,25
36,32
24,20
29,33
37,40
33,33
30,23
37,28
22,35
31,33
37,31
33,22
37,39
31,37
26,23
40,26
27,27
30,20
29,33
38,36
32,32
28,31
37,31
37,28
38,23
36,27
35,34
22,17
32,36
19,36
28,30
29,36
33,38
30,29
31,30
29,27
28,39
34,40
29,24
23,26
24,29
30,22
33,31
28,31
19,29
37,22
31,38
27,29
39,25
24,30
30,33
31,27
31,28
24,41
32,24
22,30
43,32
39,25
24,27
36,32
29,32
24,30
22,30
33,24
19,34
34,29
27,17
31,33
29,29
29,20
38,39
28,26
35,41
32,27
31,32
30,26
41,42
18,38
31,22
41,23
31,36
32,24
30,40
35,33
35,41
33,23
30,25
27,31
31,34
27,44
33,27
30,35
31,41
23,33
36,28
38,32
43,21
31,26
31,32
41,19
28,25
34,38
24,26
30,30
27,23
37,32
29,25
31,44
31,26
29,40
23,32
34,36
35,24
21,31
24,31
39,25
32,23
36,34
25,25
37,32
27,29
27,26
27,34
29,31
33,37
31,44
35,24
47,29
36,37
32,36
27,26
28,27
24,26
35,28
28,29
37,24
41,19
35,26
27,37
39,31
29,34
21,23
39,26
27,22
24,33
28,26
28,27
29,25
26,25
25,26
28,41
28,29
33,34
23,27
39,27
30,30
30,31
41,31
25,26
29,28
33,31
24,25
36,28
30,17
27,30
23,23
35,27
32,19
44,35
28,25
37,28
28,38
29,39
40,33
38,31
45,21
29,28
35,28
36,21
31,30
31,27
31,34
43,37
39,24
32,30
35,32
33,19
24,45
33,27
28,33
31,30
33,35
32,30
30,36
23,28
35,33
31,39
28,27
24,32
31,27
30,21
28,37
27,45
36,19
41,32
43,32
32,37
27,32
19,34
41,29
34,26
29,27
31,33
31,41
20,31
37,28
21,36
37,34
34,24
30,24
25,33
27,34
31,40
32,22
42,24
25,26
28,29
27,31
30,30
29,24
22,26
34,28
37,27
28,28
25,43
35,31
31,26
35,29
29,35
41,40
21,35
38,32
23,24
37,20
32,33
26,36
36,26
45,28
30,37
31,26
26,22
33,28
34,32
36,25
42,28
24,33
24,26
30,25
33,30
26,42
29,32
36,31
36,29
42,34
29,24
33,27
26,40
30,31
38,29
21,29
32,34
25,30
28,28
31,41
19,25
34,46
53,25
38,34
36,32
27,36
51,30
22,31
37,29
22,18
37,27
32,26
37,29
26,12
29,28
32,23
32,34
33,31
42,24
27,27
33,28
39,36
25,37
25,29
29,28
27,27
28,29
21,27
30,31
40,29
26,34
22,33
35,22
40,30
29,41
32,32
27,33
28,22
36,32
28,30
33,32
30,41
26,22
31,40
18,26
17,25
25,29
27,35
27,36
30,32
28,17
34,25
36,34
31,27
30,40
35,26
28,28
33,19
26,24
38,39
26,32
29,31
23,36
28,29
22,26
39,23
30,39
22,26
29,25
39,29
36,32
23,30
21,27
30,26
22,25
33,31
32,26
29,32
35,38
25,26
22,26
31,41
32,27
39,24
39,29
24,24
29,29
27,29
30,25
28,25
27,36
25,27
27,31
22,38
32,24
29,29
35,36
38,32
18,22
43,26
32,33
25,27
30,22
24,36
38,39
33,28
39,21
30,42
26,19
26,34
37,38
42,36
32,24
26,34
25,25
28,29
28,40
25,28
29,32
23,31
27,30
34,32
24,32
35,27
44,37
41,31
30,27
33,19
19,34
35,27
30,23
27,36
31,24
24,24
27,40
35,23
35,44
38,32
35,26
28,18
33,24
39,29
29,31
38,23
31,33
22,26
19,44
33,21
31,27
29,38
39,34
33,23
48,31
27,31
32,30
26,35
38,21
25,28
24,33
35,32
25,19
42,23
28,30
32,26
30,32
29,26
26,30
34,33
19,24
28,27
20,32
24,35
33,30
33,26
25,31
23,37
30,32
28,31
39,37
28,30
31,29
30,37
22,25
30,35
33,21
38,35
36,44
33,17
30,29
39,26
36,21
51,23
32,38
30,22
34,33
40,21
37,36
32,30
21,21
30,30
23,27
31,29
26,20
40,33
39,28
31,38
30,25
27,28
33,27
24,40
37,26
38,19
35,26
25,28
34,33
36,23
43,25
32,22
33,22
21,33
37,44
34,32
31,31
40,26
29,28
33,26
24,34
22,28
27,30
47,32
32,35
21,31
39,30
29,25
26,34
30,41
26,28
29,31
38,28
26,22
24,25
19,26
26,34
41,21
21,27
29,26
30,32
29,26
35,31
38,23
31,35
22,31
29,29
26,30
27,28
27,25
31,35
43,25
29,25
38,27
33,28
37,30
24,31
23,34
39,28
28,29
27,34
42,38
31,33
33,23
29,34
37,18
36,30
35,21
35,34
30,29
34,36
27,28
23,33
33,26
32,30
6,19
30,29
28,31
36,27
24,26
31,29
26,28
32,35
21,34
30,37
29,35
40,37
29,32
29,24
33,28
26,32
34,19
33,23
31,21
36,35
34,40
36,33
21,22
28,36
28,15
33,31
25,19
29,29
36,28
26,40
30,38
28,35
36,27
37,31
23,33
26,33
32,20
25,31
25,29
28,21
30,29
25,35
24,23
21,35
34,36
37,33
36,36
35,32
25,24
27,33
42,29
28,24
18,31
30,28
37,23
44,26
35,38
45,39
36,30
34,29
37,35
37,31
41,31
17,26
26,34
33,29
43,27
28,42
27,32
33,36
34,23
24,30
33,30
27,33
25,25
35,22
32,34
32,19
31,36
32,36
20,30
33,37
35,33
33,31
26,33
29,28
28,37
29,34
24,38
32,23
26,19
40,19
22,36
30,25
37,34
25,30
20,37
33,29
37,29
33,28
28,22
29,24
30,35
22,31
34,38
31,33
25,25
32,35
34,26
27,28
35,29
34,27
36,33
35,33
35,35
30,44
37,33
43,23
29,24
34,23
32,49
25,30
37,26
27,36
27,35
40,30
37,34
34,35
32,30
27,32
36,40
29,26
23,23
42,19
37,28
34,36
29,26
38,19
33,32
36,37
35,31
28,39
29,29
33,25
40,33
32,36
29,22
21,27
33,40
30,29
22,26
32,22
33,28
42,27
24,20
31,22
30,24
40,30
34,27
19,29
36,32
23,35
33,34
23,41
33,33
32,38
32,35
44,39
31,26
41,33
29,38
44,27
27,33
30,23
26,20
33,31
29,23
35,33
22,25
24,35
35,39
26,28
29,25
28,34
41,28
37,30
31,40
26,25
32,31
23,36
34,29
31,35
38,33
33,22
32,24
33,29
33,31
34,28
23,29
29,40
28,29
35,35
32,33
35,27
33,33
26,38
37,32
37,32
21,26
17,28
24,33
38,32
32,41
34,23
41,18
26,21
32,29
29,29
28,26
28,33
43,26
26,25
31,37
29,29
26,24
38,32
26,29
39,33
25,34
28,44
32,34
38,28
34,32
36,28
29,42
35,35
34,24
27,32
28,29
27,39
30,42
26,28
29,33
33,26
33,23
29,28
33,29
30,17
29,36
23,29
24,45
27,38
28,33
36,30
21,23
36,30
38,39
42,29
20,33
30,22
26,25
27,34
28,44
32,19
18,27
27,30
28,31
30,30
36,32
30,14
38,27
33,28
30,32
28,35
44,35
22,30
22,37
29,30
30,35
30,31
22,24
22,27
27,18
26,31
25,37
33,33
32,26
30,23
28,21
27,35
28,27
35,20
31,42
28,31
37,24
25,30
27,34
37,42
33,39
35,26
27,27
27,36
29,36
28,25
29,28
37,17
26,24
24,27
29,40
35,29
26,21
23,30
25,34
18,26
41,26
29,28
26,36
29,32
24,24
30,30
30,34
31,43
26,32
31,28
32,29
23,29
28,32
28,24
39,31
29,43
40,36
33,38
37,36
30,32
36,22
26,18
36,20
26,25
26,32
35,34
27,25
40,34
31,29
23,22
25,31
24,22
20,28
26,28
32,24
27,34
33,28
33,23
27,32
34,33
27,24
35,36
28,24
33,31
42,21
28,30
38,19
29,41
25,24
24,28
31,26
36,32
31,39
41,25
29,24
17,22
34,29
31,32
23,28
18,31
31,29
32,21
28,37
37,30
37,28
26,33
39,30
28,35
30,34
31,26
30,27
28,24
32,37
43,31
35,31
22,33
41,34
24,25
32,30
28,32
31,22
33,26
24,22
27,25
39,21
28,31
24,35
26,36
27,33
28,36
29,17
25,31
29,34
35,30
29,30
35,22
28,29
37,29
22,32
29,25
22,21
35,37
33,27
30,27
25,42
33,28
21,31
11,29
26,27
25,33
26,23
33,31
25,29
26,28
32,39
29,31
37,18
18,47
26,37
32,28
25,25
38,31
39,30
35,24
24,27
33,27
29,24
28,23
19,40
30,31
30,25
31,38
18,33
29,24
20,35
19,26
28,34
44,21
26,24
30,37
34,38
39,30
27,39
34,27
49,31
39,23
31,32
34,34
34,23
32,27
31,23
29,26
26,21
27,28
26,33
41,36
24,30
21,29
34,23
31,28
41,34
33,28
28,44
36,30
30,27
25,22
28,29
38,37
25,20
38,23
30,26
35,43
28,28
29,28
27,36
29,23
28,38
29,22
35,28
23,28
44,26
50,19
28,25
39,25
30,27
32,31
24,28
25,33
21,23
12,28
31,29
41,33
24,20
26,29
31,31
32,31
25,36
29,26
33,24
31,32
38,47
42,28
31,36
30,28
31,36
27,30
22,30
31,23
26,24
32,26
36,26
26,21
34,27
38,32
28,27
28,25
19,22
29,18
30,23
26,34
32,35
24,28
21,29
35,27
42,28
35,35
30,27
24,28
32,37
39,40
19,33
26,31
20,27
36,27
16,35
33,30
36,26
39,30
27,41
32,33
31,28
2,28
25,32
22,26
31,25
23,31
31,21
33,34
37,15
30,26
27,39
35,33
22,17
29,32
30,26
21,29
40,33
26,35
20,24
36,32
27,35
45,37
32,29
27,37
29,28
37,27
37,24
29,29
38,36
41,20
39,35
30,15
28,24
32,36
21,29
34,27
30,29
27,29
24,29
38,21
33,23
26,27
40,27
40,36
27,23
23,30
39,30
28,37
38,35
24,20
36,33
28,29
39,43
22,33
34,32
36,31
25,24
36,34
27,27
32,27
27,21
24,26
21,43
35,29
30,40
24,31
25,29
20,32
37,38
28,33
27,36
30,20
40,33
24,36
34,36
21,36
28,23
29,31
24,31
34,25
25,33
41,32
28,24
37,29
18,23
32,29
27,36
31,22
39,38
28,24
27,30
45,31
23,23
29,22
34,28
21,28
25,32
42,27
28,26
32,32
35,31
32,31
22,23
33,35
35,34
31,35
34,31
27,28
29,41
29,27
36,25
22,34
31,24
35,35
34,38
28,29
31,35
29,25
23,29
35,38
32,37
24,31
38,31
26,34
30,35
24,36
23,34
33,21
39,27
16,26
26,35
31,24
24,40
33,18
30,38
35,23
37,30
35,27
33,31
44,31
30,37
38,27
20,28
26,33
36,29
23,38
26,31
26,31
31,10
30,35
37,26
41,32
33,21
37,34
27,29
24,45
27,27
33,26
33,20
28,37
29,36
31,31
30,32
32,29
36,26
37,44
33,14
27,31
35,33
33,22
30,24
30,27
23,43
39,39
30,30
22,19
25,21
35,28
37,32
28,36
33,27
25,22
33,24
20,26
40,31
25,22
33,28
37,31
28,20
33,23
31,31
26,26
17,42
25,32
28,39
29,25
31,26
29,31
36,30
18,34
26,28
20,31
35,28
32,38
29,29
25,24
24,29
31,19
30,36
25,25
31,28
28,30
31,33
15,26
31,22
29,27
21,26
21,22
34,48
35,33
37,31
36,42
38,20
26,29
29,27
40,43
29,29
33,26
32,29
35,26
31,23
39,34
24,38
20,26
30,31
26,33
33,29
28,38
36,28
36,31
34,34
30,22
31,31
27,36
30,34
30,28
34,28
39,31
34,27
34,38
32,44
24,23
26,31
30,20
37,27
30,25
24,15
41,31
38,42
28,32
36,33
16,35
28,29
28,24
31,25
29,28
32,26
27,20
26,25
33,34
31,32
27,32
28,21
25,29
37,37
29,32
25,30
35,26
32,30
33,36
33,29
27,42
27,21
26,33
38,28
27,31
23,28
38,27
21,34
20,35
37,41
30,32
30,32
34,31
31,30
28,34
26,28
24,32
29,31
26,14
28,38
25,35
25,33
27,31
38,27
35,23
34,30
34,39
32,29
30,33
34,33
43,35
21,21
23,22
42,34
33,21
30,28
37,31
29,33
36,35
39,31
27,33
27,36
31,26
39,24
25,21
23,24
28,34
28,30
28,31
36,44
32,34
35,28
32,31
35,27
32,25
26,40
37,22
35,25
28,35
27,27
21,31
25,35
34,29
23,31
37,30
20,24
33,26
24,38
33,25
32,23
27,32
27,33
28,22
35,26
19,32
34,25
25,33
28,23
31,28
36,23
38,28
31,35
38,30
27,37
31,22
30,25
31,33
26,31
21,30
23,30
31,37
26,45
29,32
30,27
37,31
37,36
27,32
28,38
15,41
0,25
38,24
34,27
27,37
23,42
35,33
26,30
42,33
32,29
34,24
30,35
28,28
41,37
27,44
33,39
29,20
31,43
23,26
35,26
41,21
43,29
27,26
22,40
28,36
22,21
28,28
23,22
23,19
40,33
28,25
27,22
29,30
35,26
40,25
23,19
30,33
38,27
29,34
31,38
29,26
27,17
34,34
31,32
26,23
40,22
32,19
27,32
39,33
31,47
28,26
24,29
25,35
35,27
29,19
37,45
23,29
38,29
22,29
31,29
30,27
30,27
32,28
38,27
24,34
31,25
22,27
27,25
38,23
29,30
25,38
27,18
29,24
27,33
34,36
33,7
29,28
25,33
28,24
35,24
32,27
22,37
31,27
28,42
34,18
27,39
33,29
28,29
23,27
21,23
22,23
19,31
35,30
20,29
26,37
37,29
34,28
33,27
43,24
30,32
22,31
42,32
25,35
34,24
32,30
29,39
31,24
27,23
41,20
21,25
35,17
23,32
33,31
24,35
28,30
32,29
31,39
30,44
27,24
22,26
29,28
37,28
27,27
38,31
36,25
39,22
42,22
37,28
27,25
29,33
37,28
33,33
21,37
23,27
24,26
32,28
28,30
29,27
29,38
31,21
25,30
27,31
25,21
25,31
30,17
27,51
34,27
41,37
40,29
38,37
30,29
31,28
23,35
42,20
32,36
31,33
36,20
24,31
30,50
30,49
30,32
27,37
26,29
28,39
23,29
34,38
19,33
34,16
25,29
15,28
31,32
27,23
30,27
32,29
34,30
37,27
30,25
25,29
29,32
19,26
28,29
28,29
20,24
25,31
41,32
40,31
22,33
22,31
35,27
37,26
27,34
38,26
35,24
28,20
30,37
43,31
25,28
22,31
28,33
37,30
33,30
28,36
34,28
30,29
35,16
32,37
33,36
27,32
24,23
25,29
30,28
27,27
34,31
31,33
27,35
31,35
33,31
22,25
40,28
36,33
33,38
34,37
35,31
35,33
37,35
23,32
36,24
46,42
33,37
37,23
23,25
34,22
29,27
29,26
33,24
34,28
35,40
34,16
26,26
30,28
34,36
30,32
30,19
42,27
23,21
27,30
41,34
30,26
17,27
26,24
24,33
21,46
25,35
27,29
29,31
18,38
34,34
38,28
29,30
30,25
25,34
34,30
30,32
31,29
24,34
32,24
47,34
35,22
39,19
17,35
25,24
35,28
31,30
28,34
31,23
24,32
36,31
25,21
33,24
26,32
31,39
34,35
30,41
30,26
26,38
28,24
31,32
24,34
34,19
33,35
33,32
24,30
37,33
25,32
34,27
29,37
36,30
35,36
30,34
34,19
27,41
34,34
34,33
27,29
25,36
35,35
30,16
30,20
35,36
33,25
26,33
41,25
26,20
19,24
23,24
39,28
32,36
29,29
34,31
34,24
23,21
26,38
35,36
29,19
27,39
30,36
37,26
32,26
29,32
21,16
34,30
39,27
30,26
28,22
26,31
34,38
30,31
35,27
25,32
33,29
28,28
32,24
27,25
22,23
28,33
24,24
35,29
26,18
24,26
26,33
24,30
34,39
24,23
39,30
29,14
41,23
34,21
35,40
26,22
33,35
36,36
29,20
36,27
30,29
36,20
32,34
20,27
39,24
32,40
29,26
35,27
32,22
26,29
32,30
32,27
19,30
26,23
26,24
23,36
28,29
37,23
29,41
26,34
24,32
31,26
28,23
28,29
25,47
26,32
29,32
23,39
40,33
28,27
34,29
25,23
21,39
36,26
40,31
42,27
25,26
36,38
43,34
26,30
32,21
33,27
38,30
27,23
41,34
23,24
22,34
33,38
29,40
38,19
35,26
36,36
27,17
25,26
35,26
39,30
28,27
19,25
35,32
25,12
22,25
28,28
32,37
30,22
25,26
37,29
38,21
35,29
27,33
17,27
28,33
39,26
19,23
27,43
39,34
29,24
28,28
30,34
31,42
24,31
20,36
37,32
24,26
26,21
31,36
29,34
27,29
30,32
33,28
26,33
24,30
29,21
25,29
41,35
30,29
27,24
18,43
30,25
43,33
23,30
32,27
43,43
23,28
30,33
39,33
31,30
21,44
34,27
38,24
33,30
29,41
35,26
30,38
27,32
19,28
23,19
25,31
