29,0
23,1
28,0
35,2
22,0
28,1
29,1
34,1
29,0
21,2
29,0
22,1
32,0
27,0
23,2
31,0
28,2
26,1
38,1
27,2
25,1
36,1
44,0
34,3
39,1
25,0
29,0
37,0
35,1
33,1
36,1
32,1
34,2
48,1
32,1
38,0
34,2
33,33
42,1
30,3
33,0
26,0
36,0
42,1
42,1
32,1
21,0
29,1
21,1
24,2
30,2
43,2
21,0
34,0
19,1
27,0
28,2
23,0
51,0
28,2
39,0
24,1
33,2
37,0
28,1
39,0
29,1
22,0
20,1
19,2
28,0
30,1
34,1
33,1
28,2
24,1
35,4
25,0
32,1
25,0
29,0
32,1
35,0
30,1
27,0
21,2
27,0
38,2
31,0
35,1
30,0
34,1
32,0
31,1
30,1
39,1
36,0
31,0
32,0
32,1
25,0
32,0
33,0
29,1
29,0
35,0
30,2
36,2
37,2
21,0
36,1
27,2
36,0
30,0
31,0
27,5
41,1
31,0
32,0
26,1
45,1
34,2
24,1
35,0
25,3
23,2
32,1
30,2
20,0
27,1
41,0
39,1
27,1
29,1
22,0
35,1
28,2
30,0
26,2
34,1
26,2
31,1
31,2
29,1
32,1
25,0
24,1
28,0
30,0
29,0
33,0
22,0
30,0
29,2
30,1
42,1
35,1
45,0
33,0
28,1
22,1
31,4
23,0
32,0
27,1
27,2
29,0
38,1
23,0
24,0
24,0
24,2
28,1
37,1
30,1
32,0
30,0
27,0
36,1
28,0
30,0
20,0
35,0
31,0
25,1
33,2
20,0
33,1
36,2
33,1
28,7
24,1
28,6
21,0
34,0
32,1
22,0
29,0
33,0
25,0
23,1
31,0
27,2
27,1
35,0
29,0
35,2
30,1
23,1
28,2
28,0
41,0
28,0
29,0
38,1
25,0
25,0
23,0
30,0
41,2
26,0
38,1
46,0
36,0
32,1
34,0
28,1
30,1
31,0
25,2
30,0
30,1
25,1
16,0
27,0
29,1
25,1
26,1
28,2
34,0
30,1
33,0
41,0
28,1
37,2
29,2
33,1
23,0
17,1
37,2
38,1
33,2
30,0
17,1
31,0
21,2
29,2
29,0
33,1
34,1
39,5
30,0
30,1
32,0
41,1
33,1
35,0
30,0
32,2
28,0
35,1
32,0
27,0
31,3
31,0
23,2
25,2
35,0
28,0
24,2
38,3
30,0
36,0
39,2
30,1
29,3
23,1
30,1
33,0
28,0
36,0
25,0
27,21
21,1
33,1
42,0
38,2
33,2
23,1
36,0
23,29
25,0
41,0
29,2
41,1
26,0
34,1
34,2
35,0
32,1
23,0
21,0
29,1
32,1
34,0
29,2
28,0
31,1
35,0
29,0
35,0
27,0
26,1
26,1
36,1
35,1
32,0
35,0
28,1
32,3
36,0
23,2
42,1
24,2
31,2
23,2
26,2
33,0
19,0
25,1
34,1
33,0
28,0
28,0
20,0
37,0
31,0
37,2
33,0
27,1
36,2
35,2
31,0
29,1
29,1
34,0
32,0
29,2
30,4
36,1
31,1
28,0
33,1
38,1
35,0
35,1
20,0
19,0
22,1
38,1
38,3
19,1
40,1
31,1
36,0
22,0
37,1
30,0
15,0
36,0
30,0
39,2
35,0
30,0
24,2
33,1
28,2
23,2
26,1
30,1
43,1
16,0
24,0
22,0
32,1
36,4
26,0
28,2
33,0
41,1
29,1
44,0
30,1
21,1
23,39
24,1
33,0
30,0
29,0
23,2
35,2
37,2
30,3
37,3
36,1
26,0
35,0
41,0
24,0
45,1
25,1
27,1
32,2
31,1
24,0
27,3
23,2
36,1
31,1
29,0
36,1
28,1
26,2
36,2
26,1
33,0
23,0
22,0
28,0
33,1
29,1
18,2
32,2
21,2
30,0
23,1
26,1
34,1
30,0
37,1
21,0
21,3
31,1
32,1
28,3
25,1
28,1
33,1
24,0
29,1
28,1
38,0
25,1
32,1
30,0
27,0
35,2
26,1
40,0
44,1
29,2
31,1
27,0
21,0
38,1
33,0
26,1
30,2
22,0
33,3
28,1
31,3
25,2
21,1
27,1
37,3
26,0
44,1
30,1
30,1
37,0
30,3
18,0
30,1
34,1
32,1
29,1
33,0
31,1
29,1
33,0
29,1
25,1
25,0
30,1
30,0
34,0
33,0
42,2
30,2
36,0
30,1
27,2
43,0
33,1
34,0
31,1
29,1
35,0
22,0
28,0
27,1
34,3
41,0
23,2
28,1
24,1
24,0
39,1
28,1
29,0
26,2
29,1
20,0
38,0
25,1
31,1
22,1
33,2
25,0
28,0
39,0
29,3
35,0
23,4
32,1
32,1
30,1
25,3
31,2
30,1
30,0
24,2
32,2
37,2
34,0
33,1
39,0
15,2
37,0
26,1
28,2
30,1
39,2
32,1
32,1
36,2
25,0
29,2
23,0
26,0
26,0
31,0
36,0
26,1
29,0
29,3
26,0
40,2
26,0
28,0
23,1
32,3
36,0
27,0
38,0
33,0
38,1
24,0
24,0
39,0
36,3
19,1
32,2
28,1
30,2
23,0
29,2
24,2
33,0
28,1
30,0
27,1
33,0
20,2
32,2
26,1
32,0
33,1
21,1
22,1
30,0
35,1
27,0
28,2
25,1
28,2
25,1
38,0
27,0
18,0
21,1
34,0
28,1
29,0
35,2
21,0
38,1
25,2
40,2
33,0
27,0
37,2
29,1
26,0
25,1
32,0
21,1
37,1
28,0
36,0
26,1
34,0
2,0
21,1
30,1
28,1
28,0
35,0
34,1
36,0
24,4
22,2
35,1
37,0
34,0
34,0
28,1
26,2
28,3
24,0
21,0
29,1
28,1
39,0
35,1
26,1
36,0
27,0
35,2
34,0
39,1
22,2
34,0
33,2
38,0
26,1
34,2
27,0
27,0
17,2
35,0
25,0
35,1
23,2
32,3
32,1
28,1
33,3
23,0
31,0
28,1
23,1
33,2
34,0
28,0
39,0
35,0
26,1
35,0
23,0
33,0
43,1
33,0
27,1
29,1
31,0
27,1
38,1
35,0
24,1
27,1
39,0
33,1
34,1
28,1
28,1
27,0
35,1
27,1
34,0
27,0
34,0
26,1
22,1
35,0
34,1
29,1
34,1
30,1
21,2
41,1
31,1
29,0
26,0
42,0
38,2
34,3
25,0
24,1
28,0
28,0
21,1
29,0
36,2
31,1
26,0
31,1
34,0
24,1
27,1
35,4
23,2
37,0
30,0
31,1
33,0
33,0
28,1
29,0
41,0
24,1
27,1
30,1
33,1
22,0
25,1
37,1
35,1
21,3
35,2
26,2
27,0
35,1
41,0
28,1
30,0
36,0
33,0
29,0
27,2
28,1
26,0
40,2
41,1
17,0
31,0
27,1
22,1
34,0
28,2
28,3
13,23
30,3
30,1
30,0
30,1
26,1
25,2
28,1
36,1
35,0
26,0
39,1
39,2
27,2
39,0
29,1
29,0
44,1
41,1
31,1
27,0
31,3
30,0
34,0
25,1
25,1
30,0
29,2
41,0
25,0
30,0
34,1
35,0
18,3
40,0
27,1
27,0
29,1
21,0
34,1
35,1
28,1
30,1
43,3
34,2
33,2
24,1
34,1
39,0
32,2
30,0
34,2
29,0
35,0
31,1
29,0
25,1
29,0
30,0
28,1
25,1
25,0
35,1
30,1
27,2
35,0
33,1
30,0
32,2
31,1
30,0
21,1
32,0
45,1
38,1
32,1
37,2
30,1
31,2
42,0
27,1
43,0
25,1
24,0
27,1
37,1
38,1
31,0
28,1
32,0
31,0
29,2
46,0
34,1
35,0
36,1
26,2
28,0
30,1
43,3
28,1
22,0
18,0
34,1
36,1
37,0
27,2
30,1
27,1
27,2
22,1
24,1
27,2
30,1
32,1
31,1
30,2
26,0
32,1
33,1
31,2
26,0
28,1
29,0
36,1
30,0
33,0
27,0
35,2
29,1
35,2
16,0
26,0
32,0
17,3
31,0
20,1
38,1
32,0
28,1
32,0
29,0
26,0
23,1
43,1
26,0
21,1
21,1
26,2
44,1
30,2
31,3
37,1
32,0
37,2
32,1
31,0
31,0
36,0
33,1
36,1
29,0
25,1
18,1
35,1
31,1
31,1
32,0
41,1
32,0
41,2
23,0
26,1
32,1
35,2
21,0
32,0
28,1
39,1
35,1
30,0
28,1
22,0
33,1
35,0
23,2
45,1
29,3
31,1
45,1
30,0
33,0
36,3
32,1
37,2
40,3
39,0
24,1
36,0
23,0
35,1
29,2
28,2
42,3
30,3
33,0
27,1
30,1
23,0
33,3
27,0
26,0
32,0
25,0
32,0
36,0
33,0
21,0
30,0
30,1
35,2
30,1
31,0
30,0
20,1
27,0
43,3
33,0
34,0
30,1
36,2
26,0
20,2
29,0
42,0
27,2
25,0
29,0
38,0
26,1
38,1
20,0
31,1
27,1
33,1
19,0
36,0
39,0
23,1
31,1
40,0
44,11
41,0
30,0
34,0
38,2
44,1
31,0
26,1
24,1
30,2
37,1
27,3
29,2
25,1
31,2
31,0
39,0
37,1
36,1
21,0
41,0
37,2
30,0
23,1
31,0
25,1
31,0
15,1
22,1
30,0
36,0
27,1
31,2
32,3
46,2
30,3
26,0
17,1
29,1
38,3
40,0
34,0
36,0
34,2
31,2
16,2
25,1
35,1
29,2
21,2
31,3
27,1
36,0
30,0
31,0
27,0
44,1
28,1
21,0
37,1
31,1
37,0
27,5
28,1
25,0
32,0
27,1
22,0
17,1
32,2
29,0
27,1
30,0
34,1
30,0
32,1
38,1
25,0
22,0
24,0
32,0
22,0
23,0
27,1
35,1
27,1
37,0
37,0
23,0
20,0
29,1
35,0
34,0
32,1
38,1
23,2
29,0
29,1
34,1
29,1
30,3
40,2
29,0
35,1
29,3
33,0
31,1
23,0
35,2
36,0
37,1
23,0
26,2
18,2
25,0
20,1
28,1
26,2
39,1
32,1
25,1
23,1
25,0
24,0
28,0
36,1
34,0
40,1
30,0
24,1
28,1
34,2
16,1
34,1
28,1
40,1
33,1
30,0
42,1
13,2
31,1
34,1
29,1
24,0
27,1
36,0
23,1
25,1
39,1
28,4
30,0
29,0
25,0
30,0
23,1
18,1
31,2
33,0
30,1
31,0
41,0
19,2
17,1
27,1
37,2
32,0
29,1
32,1
44,0
27,1
30,0
33,0
27,1
23,2
27,1
27,1
42,1
30,1
20,0
20,0
32,1
29,1
26,0
24,0
22,1
32,1
21,0
37,0
31,3
41,0
30,0
37,0
33,1
31,1
39,1
44,1
33,0
26,0
39,1
29,1
31,1
40,0
19,0
33,1
27,0
20,1
22,1
24,0
31,0
29,1
26,1
42,1
27,0
36,5
36,2
37,1
18,2
30,1
35,2
30,1
31,1
44,0
33,2
38,2
37,0
23,0
29,2
28,1
27,1
30,0
34,3
39,1
27,3
28,0
22,0
36,0
26,2
35,1
34,2
21,1
30,1
27,1
24,0
39,1
30,0
39,1
34,2
20,0
24,1
23,1
32,0
29,1
24,0
32,1
32,1
37,0
25,0
31,0
25,0
27,0
27,2
29,0
38,0
29,1
32,1
29,1
27,1
25,0
36,1
24,1
29,1
26,1
32,1
35,0
28,2
28,3
23,0
30,2
32,0
29,1
32,0
28,0
32,3
23,1
36,0
33,1
20,1
30,1
38,2
16,0
26,2
29,1
41,0
42,0
36,4
32,2
23,0
32,2
33,0
30,1
26,1
40,1
33,0
33,0
30,2
26,0
35,1
31,1
40,3
37,0
22,2
29,0
30,3
35,1
28,0
33,0
39,0
28,0
35,0
23,1
25,2
34,3
42,0
30,1
28,0
26,3
33,2
29,1
37,2
27,0
38,1
32,1
25,0
28,1
25,0
33,3
27,0
18,0
21,2
26,0
25,1
31,2
26,0
34,0
44,1
32,2
37,0
33,1
27,0
29,0
22,0
19,1
23,0
39,0
33,3
27,1
22,0
35,2
24,2
35,0
32,0
39,0
33,0
34,2
35,2
31,0
30,0
36,1
31,1
33,2
24,0
18,2
27,0
26,1
37,2
42,0
37,0
25,0
41,6
26,2
28,1
28,1
30,1
30,0
28,3
33,2
34,0
36,1
32,0
27,2
28,1
32,2
31,0
21,1
45,0
31,1
33,0
39,1
30,1
33,1
17,0
28,1
31,1
29,1
30,1
27,1
30,3
25,0
39,0
21,1
24,1
28,0
29,1
34,1
29,1
23,2
22,1
47,0
24,0
35,2
26,2
40,0
32,1
37,0
35,2
39,1
33,0
39,0
29,2
31,0
27,2
30,35
35,1
31,1
42,1
37,0
36,1
30,0
28,0
39,1
26,0
23,0
34,0
33,1
21,0
37,0
24,0
31,1
31,1
36,1
37,1
22,0
23,0
26,1
39,1
28,1
23,0
25,0
23,0
29,0
36,1
30,1
25,0
39,0
28,2
29,3
41,4
38,2
37,1
32,1
29,3
28,2
33,0
32,2
25,3
29,0
38,0
31,0
27,0
35,1
29,0
24,2
44,1
51,0
33,0
25,3
26,1
30,1
31,1
38,1
24,1
35,1
35,0
26,0
29,1
27,1
30,0
31,2
23,0
35,0
24,1
22,0
19,0
32,2
33,2
35,1
25,0
39,1
32,1
24,0
23,1
30,1
36,2
29,1
36,2
30,1
22,0
36,1
36,1
38,3
34,2
31,2
31,1
31,0
25,1
25,0
29,3
31,0
20,5
37,2
29,2
23,2
21,6
32,0
26,1
34,1
30,1
23,1
25,1
31,1
28,0
23,0
28,0
30,3
41,2
29,0
29,1
34,2
33,0
30,1
38,1
41,1
18,0
43,0
31,0
27,2
23,1
35,2
24,1
28,1
22,0
22,0
36,3
37,4
36,0
42,1
29,0
31,0
19,2
30,0
40,2
31,0
27,0
41,3
24,1
37,0
40,2
34,1
34,0
24,1
25,1
28,1
38,1
34,0
24,0
34,2
33,0
32,0
27,2
39,0
22,1
27,1
37,2
27,0
33,0
30,2
28,1
35,0
27,0
22,0
28,2
38,0
40,1
24,2
23,2
29,3
30,1
33,0
28,0
33,1
35,3
26,1
32,1
27,0
35,0
42,0
29,1
28,1
21,0
19,0
25,1
36,1
32,1
38,0
27,2
26,0
36,0
30,0
30,0
25,0
37,1
36,1
27,0
31,0
28,1
37,1
33,1
24,2
35,2
35,1
16,0
27,0
29,1
37,1
24,1
29,0
39,1
40,3
35,1
25,0
31,0
26,1
37,1
25,0
36,1
32,0
27,1
34,1
27,1
37,0
33,1
37,2
32,2
29,0
26,3
35,1
20,0
27,0
36,3
30,3
28,1
33,2
31,1
33,2
26,1
32,1
32,1
32,0
26,1
27,1
33,2
35,0
27,1
32,2
38,1
23,2
37,1
31,1
29,0
31,1
29,2
25,0
36,0
47,3
24,0
21,1
40,1
25,1
31,0
36,2
19,3
44,0
25,1
40,0
26,0
24,0
28,0
38,1
27,0
44,6
39,2
28,1
37,0
32,0
25,0
30,0
27,1
35,0
33,1
34,0
33,2
28,2
26,1
25,0
28,1
29,3
35,1
22,2
28,1
23,0
27,0
28,1
26,1
27,1
29,0
25,1
29,0
39,1
32,0
31,1
25,0
28,2
42,0
39,0
28,2
24,0
39,0
34,1
34,0
32,1
23,0
28,2
39,3
28,1
28,1
43,4
28,1
37,0
32,1
27,2
29,0
32,1
30,1
44,1
32,1
28,0
31,2
25,0
30,1
27,1
32,1
24,2
21,2
28,4
34,2
24,1
24,0
27,2
23,0
33,1
40,0
29,1
38,3
28,3
35,0
23,1
37,0
38,0
27,1
27,1
42,2
22,0
26,3
36,27
29,2
29,1
29,1
29,0
35,0
35,0
33,0
29,0
35,0
28,0
38,2
33,2
39,0
23,0
39,1
30,2
25,1
25,2
26,0
40,0
26,1
26,0
27,0
25,3
26,1
27,2
33,1
22,0
31,1
36,0
30,3
33,1
31,0
36,0
18,1
25,0
29,1
35,1
38,0
25,0
33,0
30,0
30,0
22,0
38,1
40,1
22,0
27,2
25,0
29,1
30,2
30,1
29,2
43,3
28,0
30,1
31,0
37,1
29,3
27,1
37,0
40,0
35,0
37,2
39,1
29,1
35,0
29,1
27,1
31,0
38,0
30,0
29,1
33,0
29,0
28,0
24,2
23,0
39,4
26,1
34,1
38,1
31,2
28,0
25,3
36,1
27,1
25,0
28,0
32,1
37,0
36,0
26,1
32,1
33,3
34,0
38,0
29,1
44,1
35,1
36,1
24,1
39,1
37,2
27,1
27,2
32,0
41,1
34,0
33,1
33,1
26,1
18,2
32,1
24,1
33,0
33,0
19,1
33,0
32,1
31,0
40,1
20,0
34,0
25,2
31,1
51,1
19,2
33,2
30,3
45,0
36,2
28,1
30,2
26,2
27,1
33,49
27,1
36,1
28,2
28,1
31,1
24,0
38,0
22,0
29,2
29,1
27,0
47,0
25,0
36,3
29,2
31,1
32,0
38,3
25,0
35,0
25,2
22,0
27,0
36,0
35,1
30,0
25,0
39,1
32,1
31,3
23,1
29,0
29,0
30,1
26,0
26,0
24,1
32,1
27,0
30,0
26,1
32,0
29,1
29,1
34,1
35,1
28,1
30,1
20,1
24,1
35,0
28,2
39,0
26,0
23,3
33,0
34,2
40,1
22,0
29,0
43,0
36,0
34,0
37,3
27,0
19,1
40,1
24,1
26,3
39,2
26,0
39,0
24,1
32,1
37,1
47,0
29,1
25,0
32,1
30,0
24,0
35,1
22,1
30,1
34,0
24,1
21,1
32,0
32,3
38,0
37,1
33,0
28,1
22,1
41,0
35,1
31,2
26,0
29,2
0,0
26,1
33,0
21,1
44,2
28,0
35,1
28,0
25,1
36,2
32,1
19,1
23,1
32,4
35,1
23,2
36,1
29,1
21,1
34,0
27,1
34,1
36,3
26,2
34,0
28,0
25,2
22,2
24,0
26,1
26,0
24,0
35,0
36,1
28,0
30,1
25,0
31,1
27,0
28,1
31,1
30,1
27,0
13,0
24,0
31,0
35,0
39,3
33,1
29,1
39,1
29,1
29,2
25,0
31,2
28,1
28,1
24,0
34,1
29,1
42,1
33,1
35,2
30,0
32,1
25,1
38,0
31,2
31,3
30,0
31,2
25,1
30,0
29,1
27,0
28,1
33,1
38,1
27,2
32,1
35,0
33,2
19,0
28,0
30,1
28,2
34,2
40,1
36,0
27,1
38,1
27,2
31,0
35,0
21,0
27,1
33,0
34,0
27,0
28,0
32,0
24,1
24,0
33,3
28,0
29,0
34,1
26,2
22,0
32,0
27,6
36,0
27,1
32,0
24,1
43,0
37,2
40,0
24,3
30,1
37,1
32,0
29,1
33,0
25,0
35,2
33,0
28,0
29,1
43,2
34,0
28,3
24,1
24,0
23,1
37,0
35,2
35,0
25,2
40,2
35,1
41,0
25,24
31,0
40,3
39,0
28,1
28,1
24,1
33,3
18,0
30,1
31,2
39,0
19,0
48,1
32,1
25,0
34,1
36,0
34,1
32,0
40,2
23,1
37,0
23,2
30,1
33,2
29,1
30,1
29,1
35,2
18,2
30,0
30,1
33,1
34,1
39,0
34,0
31,0
24,1
36,1
31,0
32,2
36,2
29,2
36,2
34,1
31,0
30,0
30,0
24,2
38,1
35,1
31,0
38,2
33,0
29,1
39,0
34,0
53,1
24,0
26,3
28,0
24,0
26,0
30,1
30,2
26,1
36,1
35,0
35,1
29,1
26,0
32,1
37,0
32,2
28,1
29,0
21,1
23,2
31,4
37,1
25,1
27,2
31,0
30,1
17,1
26,2
39,0
26,2
24,1
32,0
29,2
43,3
34,1
32,1
40,0
25,0
33,2
34,0
24,1
25,3
30,0
39,2
33,2
29,0
31,1
38,2
33,1
25,0
35,3
27,0
32,0
25,0
33,0
35,0
39,4
34,1
23,1
32,0
38,2
41,0
31,0
25,2
28,1
27,0
28,1
26,0
31,2
23,2
23,0
27,0
33,0
41,0
24,0
40,1
29,1
34,0
30,1
35,0
29,0
32,1
30,2
35,0
25,1
34,0
28,2
19,1
24,0
28,1
24,0
37,2
29,2
38,0
31,0
28,0
35,2
25,0
36,3
28,1
25,2
27,1
33,0
33,2
24,0
31,6
25,1
30,1
41,2
37,1
20,1
36,2
29,1
29,1
24,0
36,2
23,0
31,0
25,0
38,0
40,0
26,0
34,0
26,0
27,0
22,0
30,1
36,0
22,2
25,1
30,0
27,0
37,0
28,0
36,1
30,0
26,1
31,2
34,1
31,0
24,2
29,1
29,0
24,0
37,1
28,0
27,0
24,1
34,0
36,2
29,2
26,1
24,1
38,1
35,1
26,0
28,2
26,0
34,1
37,0
30,1
41,0
34,0
34,0
34,1
37,0
35,2
30,4
35,2
31,1
23,3
34,1
26,3
18,1
28,1
32,1
34,0
26,0
37,1
29,0
36,1
35,3
28,2
31,0
30,0
41,3
24,0
20,0
34,1
33,0
30,1
31,0
39,0
31,0
20,1
26,0
33,0
21,1
23,0
31,0
36,2
22,0
27,2
22,0
25,0
34,0
31,1
22,2
32,1
33,2
34,3
36,1
29,0
25,0
21,0
36,0
32,0
32,0
30,0
30,1
37,0
37,3
43,3
27,3
31,2
29,0
26,0
23,2
38,1
40,0
19,3
38,1
32,0
32,0
37,0
37,1
34,0
24,1
34,3
30,0
31,0
38,0
24,0
22,2
35,0
23,0
28,2
28,0
31,1
33,2
41,0
30,0
23,2
28,0
35,0
36,2
32,0
40,1
31,1
35,1
38,1
30,2
31,1
32,1
38,1
23,0
36,2
32,0
50,2
23,0
34,0
32,1
34,0
38,1
35,0
31,2
35,1
26,1
28,0
32,0
27,0
29,1
31,1
25,0
43,0
21,2
37,0
27,1
32,1
28,0
24,2
32,0
27,1
33,2
33,1
31,0
28,1
26,0
29,1
25,1
31,1
35,3
28,0
35,1
30,0
30,2
38,2
37,1
32,2
32,2
25,2
24,0
33,1
39,2
27,1
37,5
27,0
24,0
41,0
32,0
17,1
26,3
31,0
37,1
22,1
31,1
29,0
22,0
31,0
29,0
41,1
23,2
20,4
28,1
39,0
30,0
26,3
40,1
26,1
44,1
36,2
33,1
34,1
28,0
23,1
33,1
29,0
34,1
24,1
30,0
42,3
32,0
35,0
23,0
30,1
27,0
31,1
32,2
27,1
26,0
17,1
30,2
31,3
27,0
31,0
31,2
39,1
25,1
30,0
39,0
41,3
39,0
33,0
29,2
32,1
37,0
32,3
22,0
36,0
34,0
31,0
25,0
26,1
31,2
28,0
34,0
25,1
33,0
6,0
28,0
31,2
28,2
36,2
29,1
30,1
38,0
31,0
29,0
27,1
32,3
36,0
31,0
33,2
31,0
33,0
16,1
34,1
30,1
27,1
22,2
20,0
28,2
27,1
35,1
26,0
37,0
20,1
27,2
31,1
29,0
36,3
36,0
23,4
31,1
31,2
29,3
30,1
36,1
27,0
31,1
39,0
27,0
36,0
35,1
33,0
26,1
32,0
30,0
27,1
30,0
35,1
29,1
25,0
37,0
36,0
24,1
27,1
38,0
35,0
22,1
18,0
29,0
25,0
28,3
36,0
34,3
32,1
21,1
38,1
29,0
27,1
37,0
33,0
28,1
35,0
29,0
28,1
36,0
27,2
32,0
36,1
32,2
24,1
28,1
33,3
28,0
24,1
28,38
26,3
32,1
36,2
25,0
35,9
29,0
19,0
32,0
35,0
33,1
30,2
39,1
38,0
40,2
25,1
29,0
37,2
32,0
33,0
38,1
32,1
36,1
40,2
30,0
32,2
25,1
20,1
24,2
27,0
31,0
27,1
35,1
31,0
30,0
33,0
31,2
43,0
33,1
29,3
19,2
29,2
34,0
29,1
36,0
28,0
35,0
31,0
41,2
38,0
30,0
33,1
28,1
20,2
40,0
28,0
32,0
27,2
33,2
33,2
28,1
30,1
27,1
28,1
28,0
32,1
20,0
40,1
32,0
34,2
39,0
25,0
24,0
35,1
27,1
34,1
35,2
26,1
27,0
30,2
36,1
28,2
30,0
29,3
21,0
39,1
46,0
31,0
41,1
29,2
31,1
23,0
25,1
29,1
31,1
33,0
38,0
29,0
23,0
36,0
33,1
36,1
25,1
31,1
39,0
20,1
29,1
36,0
32,3
34,1
31,0
31,1
9,0
26,0
31,1
35,0
27,0
38,2
42,1
36,0
27,1
28,1
25,2
22,0
27,2
22,0
33,1
31,0
40,1
30,3
34,0
25,2
27,2
28,3
23,0
28,0
27,1
36,2
29,0
20,0
38,2
40,1
36,0
22,1
29,1
38,0
22,0
27,1
37,1
28,1
39,0
31,1
31,0
34,2
26,2
28,0
21,1
32,0
26,3
22,0
25,1
29,2
40,1
29,1
20,2
21,0
28,0
25,1
26,2
30,2
39,0
31,0
40,1
27,0
30,0
30,0
22,1
40,2
26,0
28,1
27,0
33,3
32,1
23,0
19,0
42,0
31,0
25,0
31,1
29,0
37,0
30,0
33,0
35,1
31,1
33,0
19,1
30,1
24,1
27,1
32,1
25,0
37,0
33,3
22,1
31,1
34,2
27,0
29,0
42,0
24,0
29,2
37,3
29,2
40,0
26,4
38,0
40,1
27,1
30,1
29,0
41,2
25,0
21,1
34,0
30,1
30,0
31,2
30,1
30,1
37,0
29,0
29,0
25,0
32,1
36,1
34,0
32,0
27,1
22,0
20,0
34,1
34,1
27,3
25,0
29,1
26,0
39,0
36,2
28,2
28,1
34,0
26,2
33,1
22,2
28,0
25,3
39,1
32,0
30,1
27,0
27,0
31,2
31,0
19,3
35,1
40,1
21,0
27,0
34,2
23,0
26,1
30,0
35,2
10,0
22,1
35,0
35,0
28,1
26,0
25,1
31,0
35,0
28,0
36,0
34,1
28,2
33,2
33,0
33,0
24,0
39,0
24,3
23,0
33,1
29,0
31,1
31,0
26,1
25,0
31,2
22,1
30,0
28,1
30,0
40,0
25,1
32,1
34,1
22,1
24,0
26,1
21,1
29,2
31,0
27,1
25,2
30,1
39,0
21,0
35,1
25,1
33,1
37,1
28,1
28,0
30,0
30,3
30,0
30,1
37,0
25,2
26,0
27,1
45,1
29,0
26,0
33,1
19,1
27,0
29,1
26,1
35,0
34,0
32,1
39,3
41,0
26,0
31,1
27,1
33,1
23,0
34,2
24,0
30,0
30,0
35,0
25,1
26,0
26,2
26,2
21,1
38,1
25,1
37,0
27,3
30,0
21,0
34,0
31,1
31,2
41,1
30,0
33,0
35,2
27,1
28,0
30,2
34,2
33,1
24,1
17,1
28,2
29,0
30,1
27,4
27,2
23,2
22,2
33,0
33,0
28,0
38,2
29,2
29,0
43,1
26,2
29,1
20,1
31,2
23,0
33,1
27,1
38,0
26,1
28,0
30,1
32,0
28,2
29,1
40,0
36,0
26,2
43,0
35,1
32,1
33,0
32,2
37,0
31,1
29,0
42,0
34,0
40,0
27,1
32,1
28,1
20,0
42,2
24,0
34,0
28,1
37,1
37,0
36,1
33,0
30,2
31,0
27,0
25,1
35,1
21,0
32,0
30,0
33,2
26,0
24,0
29,0
34,1
36,1
27,1
21,0
26,0
30,2
45,3
23,0
40,0
40,1
26,1
27,1
37,0
38,1
39,0
29,1
34,0
26,1
42,0
29,3
16,0
34,1
37,1
40,1
37,1
33,1
37,0
39,1
29,1
30,1
34,0
36,3
35,1
28,1
22,0
41,1
38,1
28,3
45,1
26,1
36,0
35,0
33,0
25,0
26,0
23,2
35,2
33,0
28,1
24,2
22,0
33,2
33,1
28,2
31,0
23,1
33,1
34,2
32,3
29,1
21,1
40,2
24,0
31,1
28,1
33,0
31,0
42,0
37,1
29,2
34,1
24,0
24,0
32,1
32,2
37,0
28,0
28,1
40,1
28,2
32,0
31,0
33,1
34,2
32,0
28,0
36,0
30,1
24,0
31,0
38,2
38,0
38,1
20,0
36,2
24,1
27,2
31,0
27,1
34,1
33,0
19,0
19,1
33,0
29,0
33,1
21,0
28,2
36,2
27,0
28,1
34,0
35,0
26,2
25,0
27,0
18,3
31,1
28,1
27,0
31,1
33,0
32,1
31,1
32,1
40,0
27,2
30,1
36,1
23,2
32,1
35,0
30,0
35,0
19,0
32,0
33,0
34,2
33,1
30,1
28,0
37,0
28,0
32,1
27,2
29,1
32,0
32,1
27,0
28,1
41,1
37,0
41,0
29,0
49,1
40,0
27,2
36,1
26,2
29,1
22,1
31,2
28,0
22,2
28,0
33,1
38,1
27,0
42,0
26,1
35,0
17,3
38,0
33,1
18,1
33,1
30,0
23,1
30,1
32,1
42,0
32,0
22,0
24,0
34,1
23,1
31,0
21,2
35,2
33,0
31,3
28,4
31,0
34,0
45,2
37,2
25,2
32,0
30,2
40,3
29,4
23,1
33,0
38,0
34,2
30,1
17,2
32,0
41,1
33,0
43,0
31,0
19,1
33,1
29,0
19,1
34,1
31,0
42,1
23,0
44,1
33,2
34,0
24,2
45,2
32,1
44,1
31,4
34,0
26,2
17,1
31,1
32,0
42,2
31,2
14,2
35,0
35,0
35,1
36,0
33,3
22,0
33,0
31,2
31,1
50,1
39,2
33,0
31,1
31,0
19,2
19,2
24,0
19,0
34,1
35,2
40,0
36,0
27,0
32,0
36,1
34,1
15,1
26,1
34,4
35,0
35,0
29,1
26,1
37,1
25,1
23,2
35,1
34,1
21,1
33,0
29,0
29,0
31,1
27,0
23,2
29,1
37,1
28,0
25,1
32,0
28,0
28,3
27,3
34,1
37,0
23,4
29,0
23,0
22,1
34,0
39,1
33,1
35,1
38,0
41,1
21,0
30,0
23,0
26,3
26,0
28,1
30,0
37,1
29,0
24,1
37,1
30,0
28,1
27,0
29,2
33,0
29,1
44,0
35,0
30,0
36,2
33,0
19,0
33,1
31,0
33,2
33,3
12,1
32,0
37,0
35,1
38,1
34,1
26,1
27,0
27,1
34,1
27,2
23,0
25,0
18,2
22,1
33,2
31,0
33,0
26,0
32,0
30,0
28,0
27,0
28,0
26,1
34,0
39,0
25,1
33,1
29,1
36,1
30,1
34,0
36,2
26,0
19,0
31,1
29,0
32,0
22,1
32,2
30,0
40,1
36,0
33,3
31,1
32,1
26,0
31,0
21,0
34,0
26,1
24,1
37,0
28,2
