32,1
0,37
31,0
26,0
37,0
31,0
40,1
34,0
29,1
0,24
0,27
2,24
1,30
1,32
35,1
2,27
0,23
1,27
1,24
29,2
0,30
0,27
36,1
0,30
0,33
2,25
30,0
24,1
29,1
0,26
40,1
36,0
25,1
33,0
35,0
3,32
25,0
34,1
0,35
25,0
1,36
1,23
0,33
2,39
1,34
41,1
0,49
2,36
23,1
2,28
0,43
36,1
0,30
35,0
36,1
0,24
32,0
0,29
27,2
27,2
0,29
28,1
1,38
0,24
1,26
1,36
29,0
1,21
30,1
41,1
0,33
1,31
2,37
21,2
0,26
1,31
1,39
24,1
32,1
0,27
45,0
1,31
2,28
36,1
27,0
2,29
1,25
0,32
1,25
1,31
3,11
1,21
1,40
1,30
2,37
1,33
0,32
0,27
31,2
18,0
0,31
1,26
40,0
37,2
41,0
0,0
32,2
25,0
1,15
0,40
1,37
1,22
24,0
0,34
32,0
33,1
1,33
1,20
24,2
33,1
0,33
33,0
2,30
0,26
30,2
27,1
0,32
32,1
31,0
30,0
2,24
0,28
1,39
1,29
2,26
1,28
0,32
0,39
2,31
0,32
1,24
30,2
25,0
23,3
0,28
30,0
0,29
32,0
0,17
32,0
29,1
36,0
2,38
32,0
1,30
24,1
1,35
25,1
0,30
31,1
1,34
31,3
23,2
40,0
42,0
37,0
1,25
33,2
35,1
23,0
1,32
35,3
1,42
29,0
0,31
32,0
32,1
2,35
5,20
0,33
0,39
1,38
24,0
1,32
3,36
0,37
26,1
0,35
39,3
1,30
30,0
2,26
36,1
32,1
3,26
19,1
1,31
2,2
0,28
0,29
0,34
1,31
20,1
2,32
10,1
41,3
2,36
34,1
37,0
33,1
23,0
0,26
1,32
1,25
43,0
20,0
1,36
35,1
0,29
26,0
1,32
44,1
1,31
0,29
1,28
0,31
34,0
32,1
1,26
1,30
3,21
43,1
0,41
30,0
25,1
29,0
30,2
47,2
1,23
25,0
1,24
0,39
32,0
2,20
2,37
24,1
33,0
0,34
31,0
0,36
1,36
34,0
1,28
0,22
21,1
0,29
43,0
1,26
0,22
0,40
0,24
27,1
35,3
32,2
24,0
33,0
1,32
32,3
26,2
1,30
0,36
2,28
1,25
0,36
0,30
25,1
34,1
0,34
34,1
21,0
0,29
0,47
37,1
0,31
0,26
0,33
0,27
21,1
0,42
1,24
32,1
35,0
31,0
2,28
35,1
1,36
36,1
29,2
34,0
1,19
28,1
0,1
1,25
1,27
1,31
40,1
0,2
1,32
28,0
0,41
1,21
1,29
34,0
43,1
32,3
31,1
0,17
0,30
31,2
39,0
0,31
24,1
3,20
0,22
0,39
37,1
2,23
1,36
25,1
28,1
36,0
2,34
51,25
0,33
2,29
43,0
42,0
0,28
3,35
0,23
2,21
35,1
29,0
34,1
1,41
2,29
0,28
34,2
1,35
0,25
27,2
29,0
0,23
33,0
3,29
15,4
36,0
2,23
27,0
34,1
23,1
35,3
36,1
35,1
2,26
0,31
0,28
2,39
33,1
1,34
26,0
1,29
0,28
25,1
24,0
21,0
1,29
1,34
1,24
37,1
0,25
29,2
1,30
34,1
41,0
1,26
1,25
29,1
1,25
32,1
35,1
30,0
2,29
0,27
3,24
2,18
0,29
32,2
2,36
1,35
1,20
18,1
33,1
2,36
41,2
33,2
27,0
1,30
31,0
0,31
36,0
0,31
3,32
22,1
2,27
24,0
32,1
0,23
0,31
2,36
2,37
1,29
1,23
46,0
1,26
22,0
25,1
2,23
0,27
2,35
1,21
28,0
30,0
0,33
35,3
39,0
0,34
30,0
28,1
33,0
1,21
29,0
0,24
0,33
47,0
2,29
1,29
0,21
33,3
31,3
29,1
0,26
0,22
0,31
36,1
47,0
31,1
26,1
2,33
0,25
33,0
1,34
37,1
34,1
26,1
39,2
1,22
25,0
1,33
0,33
0,32
0,21
1,32
25,1
23,0
0,30
2,32
34,0
2,33
1,25
1,30
2,32
0,24
1,29
32,0
1,37
0,32
40,0
28,0
29,1
0,40
31,2
31,0
0,19
0,27
0,30
1,27
26,0
28,0
0,28
31,0
0,18
42,0
1,18
16,0
42,4
49,1
37,1
1,32
37,0
0,25
27,0
37,2
24,4
3,32
2,37
0,31
1,33
26,0
2,41
29,1
2,29
31,3
35,3
47,0
26,0
0,27
30,2
0,29
0,28
22,0
0,19
20,2
29,2
33,19
41,1
0,18
0,26
0,31
0,23
39,2
0,34
1,29
2,29
1,25
47,1
2,25
0,26
34,1
1,35
28,1
39,1
0,41
38,1
2,41
1,33
28,2
26,1
29,1
22,0
0,32
0,42
23,1
0,31
26,26
28,0
2,28
1,20
1,22
31,1
0,34
39,1
2,24
15,2
1,35
2,24
31,1
23,2
32,1
0,38
37,0
1,30
1,30
0,24
0,32
1,29
1,41
38,1
25,1
0,23
25,2
30,1
24,2
2,25
2,45
2,22
50,1
1,33
0,31
0,25
1,33
29,0
22,2
1,42
1,31
1,24
1,28
32,0
0,22
1,33
39,3
41,2
23,1
0,22
2,34
0,35
27,0
3,30
0,26
38,0
29,0
28,0
29,0
0,27
0,36
22,5
26,3
2,41
45,3
35,1
28,2
0,25
34,0
25,0
32,0
24,0
28,0
30,0
2,33
35,1
2,36
1,29
35,0
37,2
2,34
28,1
41,0
30,0
32,4
29,0
28,1
1,38
0,29
0,28
31,1
2,19
1,32
0,29
26,0
34,2
31,1
1,23
19,2
0,26
1,25
29,0
23,2
13,1
31,1
2,26
27,2
1,23
41,1
34,2
26,0
34,1
0,29
0,33
0,33
0,39
0,28
38,0
26,1
26,1
0,32
2,27
1,34
26,2
31,3
32,0
15,0
42,2
33,0
4,23
0,25
38,3
39,2
0,36
2,26
24,0
33,2
33,1
1,31
1,29
1,33
34,1
23,2
3,27
43,3
31,0
0,36
0,21
0,29
1,31
2,25
41,0
1,22
34,0
1,38
0,25
34,1
2,29
26,1
35,0
2,34
2,38
3,33
3,35
1,22
29,0
1,30
33,1
1,32
1,30
26,0
37,0
1,24
1,35
1,38
34,0
0,33
31,1
3,36
23,1
25,0
37,1
42,0
0,27
31,0
0,31
2,32
0,24
1,31
1,32
1,40
3,23
0,28
25,2
47,0
41,0
33,1
35,1
31,2
1,31
33,0
28,0
29,2
22,0
1,29
1,33
36,0
36,0
40,1
0,31
2,43
0,28
1,28
36,3
33,0
2,20
29,0
28,1
1,27
28,2
0,19
0,36
24,1
36,1
22,2
1,32
1,28
0,29
0,25
34,1
1,30
29,1
40,0
27,0
2,10
0,37
40,0
33,0
30,0
23,2
1,30
2,42
1,32
2,26
43,0
22,0
0,23
35,1
0,28
32,1
2,25
1,31
24,3
1,31
0,32
3,40
28,1
31,2
0,27
30,2
37,1
38,0
34,0
22,0
1,26
0,27
2,35
28,1
27,1
0,32
1,30
0,43
27,2
31,0
21,1
0,27
22,0
0,30
2,34
30,3
29,0
23,0
3,23
1,35
1,41
39,0
0,27
1,28
0,25
1,42
2,40
1,26
0,23
28,1
1,21
0,36
2,27
0,41
0,28
0,26
1,1
1,29
0,29
1,36
25,1
33,0
25,0
20,0
23,1
31,0
28,25
26,2
16,2
1,31
0,29
43,1
29,1
33,0
2,21
32,0
33,1
35,2
33,2
0,30
2,28
23,0
1,38
