27,33
28,0
37,31
2,31
35,0
2,30
38,2
33,0
1,0
30,32
0,1
1,29
1,29
1,1
2,0
33,24
0,0
1,35
30,24
36,1
29,1
1,1
1,1
35,2
38,22
1,28
31,31
4,6
1,0
0,0
0,40
24,34
23,1
35,32
0,25
35,1
0,33
26,24
1,1
20,1
0,26
2,1
26,1
1,26
3,0
35,0
0,0
1,27
30,0
1,29
45,24
1,0
28,1
1,30
31,25
1,1
27,34
0,32
2,0
22,1
0,0
19,1
39,29
24,29
1,23
28,20
35,27
31,0
0,32
36,30
2,1
1,0
29,36
1,30
26,0
38,0
31,37
32,3
1,27
1,35
0,28
28,0
0,30
2,0
29,0
1,39
1,36
21,2
0,17
22,27
27,1
1,33
0,27
0,1
36,34
37,1
2,31
42,1
0,1
33,37
32,33
47,2
31,32
0,0
2,35
35,1
23,1
33,26
34,2
2,29
0,0
23,1
34,0
1,1
37,26
1,0
0,0
0,0
23,28
1,28
33,0
31,28
0,0
33,0
30,33
0,1
0,1
1,25
34,23
1,0
37,1
29,0
30,25
0,38
0,19
2,27
26,1
26,21
25,23
1,1
21,27
21,39
23,25
38,35
33,1
20,50
40,24
1,3
0,1
30,1
0,0
2,35
0,31
31,0
25,34
1,18
2,36
29,1
26,0
31,1
28,26
25,1
38,1
0,1
32,30
1,0
0,36
1,2
0,1
3,0
2,0
0,0
1,2
24,1
1,29
1,26
0,2
0,31
32,27
1,36
0,22
1,54
32,0
1,30
26,31
21,26
2,1
32,32
24,27
30,2
34,0
0,34
0,0
32,2
0,0
2,28
26,31
27,1
1,28
26,38
5,37
1,0
36,27
1,1
28,29
1,30
0,19
24,2
1,1
1,2
1,0
3,0
38,34
1,0
1,1
0,33
2,34
31,36
27,21
36,22
0,34
40,25
28,32
1,0
2,1
1,23
0,2
24,3
1,0
35,40
34,1
1,30
32,5
0,35
38,28
0,22
0,0
25,28
31,31
27,1
0,0
2,34
35,33
3,29
25,0
25,2
20,1
23,0
1,0
36,0
1,20
39,1
36,1
0,3
42,36
1,26
1,0
32,1
36,3
35,1
29,28
29,24
1,0
0,29
0,1
3,23
0,18
3,1
27,30
2,1
2,35
24,36
1,23
2,20
1,0
2,23
0,2
1,0
38,35
44,0
2,1
29,20
37,29
0,1
34,28
2,29
27,31
44,34
43,29
2,0
29,1
33,37
2,38
0,2
1,31
1,25
0,2
0,30
47,34
38,2
37,27
28,27
34,1
39,0
35,23
0,0
2,29
1,34
0,1
0,2
32,0
24,0
45,27
0,35
34,34
45,1
38,0
32,30
1,29
3,30
0,4
35,0
31,25
2,26
1,1
3,23
1,32
2,1
0,38
31,2
1,23
3,0
46,29
1,1
1,0
37,2
32,0
0,38
33,1
0,28
24,35
1,1
2,0
2,27
0,28
1,30
1,2
2,2
0,30
1,26
4,1
24,21
30,37
34,31
0,30
0,37
27,1
3,23
34,23
24,0
0,26
34,0
1,34
1,30
28,29
22,0
0,24
32,1
1,0
0,1
35,4
29,27
30,24
25,1
0,24
34,31
0,0
0,32
0,3
1,0
3,1
0,0
29,3
0,27
1,26
28,0
30,0
38,3
0,27
0,37
2,1
1,27
15,31
31,1
23,32
0,25
38,1
1,1
0,29
0,0
35,0
42,2
0,28
41,1
30,26
23,2
24,29
0,0
1,2
0,1
2,1
0,36
1,1
0,0
0,0
0,32
35,2
32,1
0,0
1,32
1,40
1,1
0,30
26,0
0,0
2,1
0,2
1,0
26,25
32,2
32,21
0,30
0,29
34,0
27,29
2,39
2,1
27,31
0,1
0,0
1,24
40,21
2,1
37,30
32,2
1,0
1,38
1,39
0,0
1,25
37,25
36,35
28,22
1,27
1,33
31,0
38,1
33,24
26,1
42,40
41,1
38,27
33,27
1,35
32,1
16,31
2,24
2,33
33,1
2,0
27,1
29,26
32,25
30,34
0,0
1,1
0,0
1,2
35,30
1,1
48,1
0,2
23,30
24,31
0,0
22,0
0,26
33,0
33,28
34,0
1,20
28,31
0,2
0,31
1,25
0,0
31,33
26,1
1,28
29,1
23,30
33,0
1,0
1,32
42,1
25,2
1,31
37,2
28,33
2,34
1,23
31,1
1,26
28,28
1,31
1,26
0,2
1,35
0,33
1,25
0,30
1,26
40,30
1,33
36,21
29,41
0,4
2,23
0,3
26,0
1,30
36,24
2,32
2,0
1,1
0,1
2,0
37,1
25,25
3,20
2,26
35,20
32,1
27,28
3,32
31,32
29,26
29,0
39,1
30,0
0,38
0,1
2,1
27,0
28,1
31,28
0,25
0,0
34,28
1,2
2,3
33,29
26,30
0,24
25,33
0,33
1,33
33,1
26,3
31,29
0,0
1,0
0,3
0,21
1,31
32,0
1,0
31,25
28,2
2,3
40,26
31,0
1,31
23,0
32,0
2,31
35,32
32,17
0,32
40,1
0,30
1,31
43,34
2,0
23,26
0,30
27,43
22,1
31,1
1,1
39,30
3,32
37,0
37,32
28,33
26,1
1,1
1,34
27,0
38,28
0,11
0,27
2,0
26,3
3,28
2,1
28,0
1,26
0,43
0,0
27,36
26,25
35,1
27,37
2,0
1,1
1,0
0,0
36,0
1,32
2,2
2,2
1,1
36,30
0,1
0,2
30,1
1,29
0,29
29,0
0,2
39,0
0,2
2,0
37,31
1,18
1,2
33,25
1,2
0,34
31,26
29,0
22,36
32,25
31,1
31,1
2,0
2,0
39,33
25,1
23,30
46,1
38,0
29,29
0,32
17,30
24,34
23,2
0,25
0,1
1,0
2,3
0,0
29,0
2,24
0,1
30,28
0,29
1,0
0,31
0,37
31,26
31,29
35,1
2,1
28,1
29,29
0,1
31,31
35,0
0,1
1,25
27,35
33,0
0,22
0,0
1,0
2,35
1,42
32,38
36,30
2,24
1,20
0,2
22,1
30,0
1,34
21,1
44,1
33,0
38,25
0,29
1,0
4,1
1,0
0,1
1,0
2,28
0,2
0,1
2,23
21,37
20,1
1,0
30,21
28,3
2,31
26,1
1,0
29,35
37,20
0,2
1,28
1,1
30,37
25,0
36,1
0,37
0,2
0,0
0,22
30,25
35,27
27,27
1,37
30,28
41,0
28,1
28,32
43,21
1,38
2,1
3,1
44,0
1,2
33,28
21,27
0,0
0,1
0,0
0,1
0,21
21,30
1,21
30,0
37,1
32,33
30,0
1,24
0,33
0,21
0,26
29,2
41,42
1,28
29,22
0,37
2,29
0,37
35,1
37,1
1,22
1,23
1,1
34,1
0,0
18,23
3,27
23,2
1,29
0,3
25,2
1,2
27,40
35,0
3,24
41,29
44,44
1,1
34,1
2,19
4,27
0,0
1,0
32,1
30,30
0,1
1,35
30,31
0,39
1,33
22,2
26,2
29,3
0,0
2,38
1,15
0,0
25,1
24,24
24,1
0,0
0,32
34,1
36,0
1,29
0,2
25,0
27,0
26,42
2,1
1,2
24,2
24,25
34,1
35,1
17,1
26,40
2,25
34,29
1,0
39,2
31,27
22,1
1,2
1,1
1,33
0,32
0,2
36,37
30,1
2,1
1,1
0,3
28,35
33,1
37,0
26,1
0,0
1,47
2,24
1,1
1,28
35,0
25,26
2,30
1,1
30,0
21,2
34,23
26,23
