26,24
1,1
34,29
34,26
0,2
28,39
26,26
2,2
29,44
0,0
29,42
0,1
32,31
24,28
1,2
29,28
30,31
48,36
18,28
1,0
25,41
18,24
2,0
2,0
1,0
37,28
1,1
32,29
0,0
28,35
1,1
29,38
2,0
0,2
20,25
12,18
1,1
32,29
24,31
1,0
22,44
30,23
0,2
25,31
1,0
0,1
1,0
30,33
3,0
1,0
1,0
36,20
1,2
27,26
1,1
1,0
0,1
35,34
0,0
1,0
37,24
1,1
1,2
36,28
32,31
2,0
0,1
3,2
43,33
25,33
2,0
30,26
27,30
28,27
0,1
1,1
1,0
0,1
0,0
0,0
0,1
31,36
32,30
32,34
39,27
31,27
44,21
0,1
0,1
26,31
31,27
1,4
3,0
0,1
0,0
0,1
0,1
2,1
2,0
33,37
26,40
38,28
2,2
27,34
2,0
2,0
26,27
37,41
26,37
1,2
1,1
1,1
1,0
29,32
28,28
32,30
30,30
0,2
38,27
37,28
33,27
0,2
1,2
0,1
38,33
1,0
27,29
47,22
1,1
46,30
0,2
1,0
29,26
1,1
1,0
38,33
42,36
0,0
0,0
20,42
26,29
32,32
31,38
31,26
1,1
1,0
1,1
32,21
1,1
28,37
32,28
25,36
40,24
34,19
35,24
0,0
0,0
30,20
36,33
32,21
32,27
2,1
0,1
33,30
15,27
1,0
30,33
25,31
24,28
1,0
18,31
33,21
25,32
37,34
39,27
36,30
42,38
26,22
33,24
28,32
0,5
29,23
18,21
2,1
2,0
1,3
0,0
2,3
0,0
0,1
29,24
33,39
20,29
0,0
1,1
33,14
34,31
26,17
1,0
1,0
1,1
24,29
28,43
1,2
1,0
29,27
35,31
1,3
1,0
25,17
3,0
1,0
0,0
26,20
1,2
2,0
29,25
0,1
29,22
1,3
1,0
2,0
29,30
2,0
2,0
24,28
32,2
26,22
0,3
1,0
25,32
0,0
3,1
37,29
0,0
25,23
1,2
21,23
2,1
0,1
29,28
1,1
27,26
0,0
37,27
0,1
0,1
1,0
1,0
0,1
2,2
27,25
2,0
29,40
32,31
34,31
29,26
30,32
34,24
0,2
30,22
28,21
1,0
23,40
35,25
31,29
35,27
2,0
20,32
0,1
30,28
39,25
3,0
0,1
32,31
0,1
26,29
42,34
3,1
27,18
34,27
31,27
2,0
26,26
32,35
0,3
0,2
1,1
1,1
39,33
0,3
0,0
34,31
0,2
0,1
28,24
1,2
22,27
25,27
38,31
1,1
2,0
0,1
28,30
28,35
40,42
2,0
32,33
26,13
0,1
32,29
45,30
33,27
2,0
0,2
36,33
22,32
1,0
27,32
0,2
30,37
21,38
0,1
20,26
0,0
39,43
30,37
1,0
0,0
29,29
1,0
19,28
27,39
24,40
1,2
0,1
25,37
32,33
0,0
29,1
42,34
23,32
0,2
0,2
1,0
19,22
42,31
1,0
38,20
0,0
43,27
42,30
1,1
3,1
31,23
40,27
0,0
26,21
43,24
29,30
0,2
1,1
33,31
23,19
0,0
1,0
1,2
1,0
1,0
1,0
30,31
20,24
2,0
33,30
1,1
38,37
1,0
36,26
29,37
40,46
28,29
30,25
0,1
1,1
33,28
29,20
1,23
1,0
0,2
1,1
33,27
26,38
29,35
43,31
1,0
31,30
1,0
1,0
21,25
0,0
1,3
33,38
2,0
25,38
31,34
30,28
1,0
26,40
2,2
0,0
25,28
0,0
33,28
1,5
2,2
31,18
23,37
32,32
0,0
33,40
25,31
2,0
42,34
34,28
30,29
1,0
30,30
1,2
0,1
31,33
40,32
25,25
1,0
31,42
1,0
32,35
37,29
3,0
0,1
30,25
0,1
38,34
30,23
2,0
33,38
37,30
2,0
2,1
1,2
33,29
29,34
0,2
21,30
31,37
0,1
1,0
1,2
1,1
40,38
35,33
0,1
2,0
0,1
36,28
2,4
37,25
0,1
30,40
24,26
32,23
38,30
0,26
35,23
0,1
42,29
0,0
31,31
1,0
1,2
31,29
0,1
40,37
34,24
28,32
28,27
28,26
1,0
23,33
27,27
0,1
28,29
1,0
46,30
17,30
23,28
0,1
36,22
0,2
40,28
1,1
0,1
0,0
0,1
0,0
29,28
0,0
0,0
28,24
0,0
26,31
36,25
49,27
2,4
28,36
27,36
31,26
0,0
1,0
1,0
0,1
31,26
3,2
0,1
31,28
50,29
0,0
32,30
26,26
24,26
33,22
20,22
21,25
33,32
32,37
32,26
39,26
32,31
26,27
26,27
44,32
1,0
26,17
0,0
28,21
36,24
0,0
27,27
16,29
39,21
40,37
31,28
1,1
1,0
0,0
30,29
37,33
26,27
33,23
30,30
24,28
1,3
1,1
0,0
30,37
0,1
1,2
0,0
33,28
38,38
1,0
0,1
0,1
30,33
29,24
37,24
0,1
24,29
34,30
1,0
31,22
33,34
1,0
0,1
36,25
38,31
37,27
0,0
0,3
38,31
23,24
0,1
24,22
0,2
0,0
34,28
1,0
33,31
1,1
0,0
2,1
0,0
1,1
39,24
18,33
31,28
0,2
33,26
25,35
1,0
28,29
0,0
29,32
1,2
1,0
22,20
27,18
1,1
1,1
34,22
36,23
26,30
13,24
0,0
31,34
1,1
27,34
24,32
29,34
1,2
30,23
31,30
30,29
22,27
32,26
1,3
30,25
44,29
5,2
1,1
1,3
29,23
1,2
1,1
29,29
18,18
30,22
1,0
1,0
39,35
1,0
29,39
30,28
1,2
0,0
27,35
1,3
33,24
0,1
0,1
2,1
1,2
2,0
20,31
39,25
0,1
2,0
28,27
31,32
36,32
41,3
38,27
23,37
0,2
26,28
0,0
0,0
1,0
1,0
27,33
33,20
0,0
1,0
38,36
29,27
34,35
2,2
1,2
0,1
2,0
0,0
3,0
30,18
0,0
0,0
37,39
1,0
0,0
0,1
0,0
46,32
40,34
2,0
1,2
1,31
21,27
38,32
1,3
35,36
39,37
1,0
0,2
29,31
42,33
2,1
3,2
35,30
3,0
1,1
32,22
1,47
44,32
32,30
33,30
1,0
0,1
22,36
1,1
31,31
0,0
2,0
0,2
1,0
30,26
0,0
0,0
1,0
0,26
1,1
1,1
39,24
35,25
1,1
1,0
31,21
0,0
27,32
36,34
38,39
1,1
1,0
28,17
35,29
32,28
28,30
1,0
40,28
25,29
32,30
21,25
0,3
1,1
42,33
0,1
0,0
2,1
0,0
30,28
0,0
0,1
27,28
37,35
1,0
33,39
2,0
1,25
29,30
0,0
3,0
22,21
1,2
1,1
19,34
2,1
25,35
30,28
3,2
1,1
1,3
1,0
33,34
36,22
30,26
1,3
24,28
33,28
41,35
22,25
0,3
31,33
1,0
29,20
32,36
0,0
33,34
1,2
1,0
0,1
1,1
35,27
0,2
30,32
0,0
1,0
38,22
0,1
44,27
33,27
0,0
37,33
26,31
32,34
0,2
0,0
26,32
2,3
20,30
2,3
39,34
1,1
22,25
30,30
5,0
2,1
29,19
0,1
36,33
25,20
2,1
27,37
0,0
2,2
21,37
25,26
20,30
1,1
0,0
29,24
32,23
3,0
0,0
3,3
31,21
0,0
0,1
47,26
1,3
34,24
1,0
20,24
1,27
0,3
0,2
30,20
29,38
1,1
34,38
37,31
31,21
27,26
2,1
3,0
23,22
26,24
35,28
29,20
30,22
35,29
1,0
32,35
32,22
29,27
31,40
1,0
25,28
31,32
0,1
27,31
34,34
1,1
1,0
1,0
2,2
